"m/z" "var_m/z" "max_int" "sum_int" "RT" "minRT" "maxRT" "part_ID" "EIC_ID" "peak_ID" "Score"
"1" 274.273993707472 4.43750171251194e-08 5821800448 41352814681.4375 1144.7 1134.86 1161.6 3712 7423 4671 0
"2" 218.211480165139 6.66379526398282e-09 4928420864 40624848945.8438 922.296 911.646 945.328 2704 4317 2285 0
"3" 234.206392560686 4.42378222942352e-09 4623230976 35868080853.1719 955.987 943.559 987.913 3013 5199 2899 0
"4" 246.24276775784 7.16434673420967e-09 4383368192 32011566347.3125 1056.05 1044.5 1075.62 3220 5869 3424 0
"5" 262.237655994504 2.85481825751456e-09 3053997056 21649932875.0234 1075.62 1066.78 1103.92 3509 6784 4201 0
"6" 290.268918059593 1.67999041172885e-08 2795776768 18438094051.7969 1158.93 1150.96 1188.14 4017 8311 5360 0
"7" 315.171032195396 6.98707315460826e-09 1668337280 12775868266.8984 1330.5 1320.77 1361.45 4455 9643 6323 0
"8" 239.148892466227 2.39532746079951e-09 1334205056 13425393562.25 682.534 665.912 720.104 3102 5480 3108 0
"9" 275.277381388346 4.62246437867482e-08 1001503744 7162199167.17969 1144.7 1136.63 1162.48 3736 7504 4735 0
"10" 195.122703857422 9.2410007301642e-10 917028352 13969155215.5 609.843 595.882 641.23 2237 3108 1498 0
"11" 230.247944599873 1.62446569349315e-08 900098944 5507656724.07812 1155.38 1141.05 1179.28 2940 4961 2728 0
"12" 256.175409881162 2.87342059540317e-09 872213312 9233036428.5 682.534 670.545 734.9 3404 6409 3860 0
"13" 300.201648712158 9.33439216830514e-10 825760768 7179971693.125 735.811 710.766 761.529 4204 8837 5726 0
"14" 202.201057910919 1.52313957862075e-08 678292288 5121886955.625 1170.44 1161.6 1189.03 2388 3450 1739 0
"15" 247.246076247271 8.52488027802551e-09 648782656 4823184223.05859 1056.05 1047.15 1077.39 3242 5935 3471 0
"16" 219.214807610763 1.17223439565933e-08 638488960 5283152561.01562 922.296 911.646 945.328 2729 4395 2344 0
"17" 235.209716384475 3.40820712459696e-09 606500480 4683494016.3125 955.987 947.98 979.955 3041 5270 2944 0
"18" 263.199859619141 1.60739377692894e-08 582318464 4753739885.13281 1189.03 1176.63 1224.4 3532 6848 4245 0
"19" 213.186906111868 2.62257390010408e-09 579851008 4531321275.47656 1184.6 1174.86 1207.6 2603 4022 2087 0
"20" 235.148105232083 4.92112115532363e-09 503509152 3793887667.5 1253.58 1237.66 1280.1 3037 5241 2920 0
"21" 295.190442766462 2.12717206538224e-08 500883744 3381150683.29688 1276.56 1264.19 1294.25 4115 8563 5516 0
"22" 291.272267987651 1.50493716680875e-08 479282528 3146646151.125 1158.93 1152.73 1179.28 4046 8387 5405 0
"23" 192.12103592722 2.07858480735659e-09 471300416 3667911807.25781 859.688 848.848 882.115 2173 2954 1395 0
"24" 263.240977237099 3.537833478678e-09 467458816 3259669777.375 1075.62 1069.43 1102.15 3534 6852 4251 0
"25" 202.216528123425 2.58717405539687e-09 463973184 2875703550.90625 1071.2 1062.36 1089.77 2389 3451 1740 0
"26" 281.209112351941 9.09091003479496e-09 452398304 2986904636.5 932.944 926.723 953.285 3842 7819 4977 0
"27" 297.130254572088 1.07545114218811e-08 447353024 2818007581 1050.69 1031.24 1069.43 4145 8670 5600 0
"28" 302.305284367051 8.08487005804068e-09 444036704 2920603291.51172 1208.48 1197.87 1235.01 4245 8981 5850 0
"29" 277.179876154119 1.66456681729371e-08 433856256 3423980577.5 1273.03 1263.3 1302.21 3773 7597 4798 0
"30" 236.154332341375 5.38167406667818e-09 431083840 3392451356.42969 1242.97 1224.4 1264.19 3053 5288 2957 0
"31" 275.234604273087 1.28361639062724e-08 416754336 2707726966.42578 805.52 786.145 830.108 3734 7494 4722 0
"32" 319.27304274036 5.27348890099474e-09 407893984 2627451855.35938 1027.7 1020.63 1047.15 4514 9938 6565 0
"33" 288.289827045641 4.8684751429753e-08 407649088 2574749536 1163.37 1157.15 1173.1 3981 8191 5287 0
"34" 290.110222311581 5.70414325557716e-09 406440160 3131394752.67188 1235.01 1225.28 1254.46 4010 8279 5344 0
"35" 282.109151611328 1.55779222647349e-08 394850624 2642711551.9375 1063.24 1056.96 1078.27 3856 7845 4999 0
"36" 174.185293717818 3.4959873918331e-09 392944352 2714449693.9375 941.791 933.832 952.401 1786 2192 976 0
"37" 267.214509041079 2.56724575514434e-08 383324032 2275481316.01562 916.986 904.448 943.559 3595 7055 4421 0
"38" 245.187927246094 3.88381328988583e-09 376856288 3404285961.52734 880.296 863.285 907.143 3201 5791 3354 0
"39" 284.249012538365 6.49954749162866e-09 375751808 2436488034.33203 908.947 896.404 924.068 3902 7989 5126 0
"40" 270.233452796936 3.58915947858364e-09 366461472 2428931659.5 799.929 794.414 822.874 3644 7217 4530 0
"41" 290.178791535206 4.72950991670451e-09 366292704 2751668810.5625 1303.97 1288.06 1326.08 4013 8293 5351 0
"42" 247.174844440661 2.33527810801653e-08 365733280 2880021400.55859 1148.31 1133.09 1169.56 3240 5918 3453 0
"43" 221.132460483285 2.52117168731732e-09 347079424 2657087584.85938 1181.05 1172.21 1209.37 2767 4473 2385 0
"44" 279.100794792175 7.87774972136944e-09 344945920 2504058969.39453 1246.5 1235.01 1262.42 3802 7689 4865 0
"45" 283.175109354655 1.4993241109417e-09 341259296 2766832020.51562 735.811 707.976 762.443 3876 7916 5062 0
"46" 344.227903820219 1.76962105931582e-09 324969920 2335858294.45312 777.03 761.529 799.004 4963 11081 7428 0
"47" 259.18834400177 1.87832366434797e-08 324097152 2088015488.15625 1007.36 1001.18 1028.58 3451 6585 4018 0
"48" 207.116872242519 2.08511936490412e-09 322060544 2716462025.19531 1104.8 1093.3 1141.96 2489 3718 1890 0
"49" 408.149181590361 9.70916234873195e-09 303749504 2148390092.15625 1203.18 1195.22 1224.4 5975 13578 9016 0
"50" 267.208462622858 3.29287622564582e-08 290744704 1975890922.375 932.053 926.723 953.285 3595 7056 4422 0
"51" 288.253281030899 6.02280401829605e-09 278501376 1816923986.45312 1301.32 1290.71 1324.31 3979 8186 5283 0
"52" 315.105777647437 2.09172778740162e-08 273876288 2278362755.64062 967.577 952.401 994.102 4454 9633 6317 0
"53" 196.101871224337 1.25104571761747e-09 272205056 2127809625.97656 704.296 696.072 734.9 2257 3149 1521 0
"54" 311.185253002025 8.53579693030768e-09 269927776 1817288972.5625 1269.49 1258.88 1281.87 4388 9427 6155 0
"55" 404.206798777861 1.14024761207601e-08 269396192 2197337617.21484 1227.05 1215.55 1245.62 5911 13431 8935 0
"56" 315.172589983259 2.36920578769906e-08 259056736 1553724729.71875 1048.92 1042.73 1066.78 4455 9644 6324 0
"57" 307.173107612424 2.08979699669815e-09 255040976 1753125485.64062 800.858 792.573 829.212 4324 9244 6020 0
"58" 203.166442144485 1.37372783944443e-09 251662544 2005263389.73438 748.565 738.545 776.119 2411 3517 1772 0
"59" 231.232772827148 4.36169405778249e-09 251129664 1822708806.75 1283.64 1276.56 1303.09 2959 5028 2776 0
"60" 140.108946800232 9.75447736920849e-10 234212256 1786561561.38281 993.218 982.608 1010.02 992 972 382 0
"61" 318.300243922642 4.50755198481222e-09 229819840 1405998397.42969 1219.09 1212.9 1236.77 4501 9879 6519 0
"62" 382.241783650716 2.1354156150215e-07 226882032 1457055180.10156 1102.15 1086.23 1118.95 5590 12633 8452 0
"63" 375.210913242438 8.19463318015239e-09 224346736 1456903328.5625 689.693 683.419 718.231 5487 12364 8269 0
"64" 331.208667257558 1.03071273079974e-08 223606128 1411140342.07812 943.559 936.486 955.987 4728 10522 6990 0
"65" 272.258363342285 5.14163586654161e-08 214442848 1308403482.78125 1149.19 1141.05 1158.04 3675 7310 4580 0
"66" 155.159129423254 6.17412083289203e-10 214043168 2139539645.5625 696.072 687.87 733.988 1346 1448 598 0
"67" 316.174438476562 9.04713358197893e-09 213080544 1617695605.75 1329.62 1323.43 1348.18 4467 9718 6376 0
"68" 202.180132378472 2.05267258364745e-09 209371792 1613928505.17969 1245.62 1226.16 1265.95 2386 3445 1738 0
"69" 356.176788330078 1.16415321826935e-08 207447344 1393701262.35156 1002.06 993.218 1021.51 5172 11573 7763 0
"70" 219.116701566256 1.73354951234964e-08 205676160 1523887949.5 1168.67 1161.6 1183.72 2722 4349 2307 0
"71" 161.096124536851 1.60885559736939e-09 195228144 1650120843.9375 1273.03 1264.19 1293.36 1476 1665 712 0
"72" 260.222032951586 5.82252995985927e-09 192695712 1287631358.09375 1211.13 1201.41 1229.7 3478 6658 4083 0
"73" 191.060840606689 2.4805418573893e-09 191555744 1628342945.81641 988.797 972.882 1010.02 2153 2894 1361 0
"74" 239.061946759905 1.68929393051051e-09 190028736 1461239329.02734 1203.18 1194.33 1224.4 3099 5448 3092 0
"75" 288.289623838482 2.44119402134057e-09 189237744 1305228981.125 1179.28 1173.98 1202.29 3981 8191 5288 0
"76" 143.070340083196 1.49369812928713e-10 187592784 2760813804 902.654 889.3 911.646 1059 1052 421 0
"77" 300.201620483398 7.33175668223151e-09 187332096 1185126947.00781 691.516 678.902 708.903 4204 8837 5727 0
"78" 232.190766768022 6.2771670689637e-09 183228496 1287970438.35938 1069.43 1060.59 1088.88 2977 5068 2809 0
"79" 314.190090603299 1.17728725457803e-08 182284576 1192713805.6875 1325.19 1312.82 1340.23 4435 9584 6275 0
"80" 432.258599853516 9.74613017049329e-08 182260544 1253691199.21875 1166.02 1158.93 1184.6 6340 14374 9494 0
"81" 172.169592077082 9.22831393636558e-10 181034096 1229049366.82031 1293.36 1280.1 1321.66 1733 2101 932 0
"82" 293.157431793213 6.92462214292624e-09 179595472 1322873388.73047 831.899 816.462 851.522 4082 8472 5450 0
"83" 265.057209156178 8.03431554397627e-09 178101584 1393095459.52344 1038.31 1027.7 1051.57 3556 6918 4298 0
"84" 387.180261230469 2.59994218746821e-08 169241184 1302132495.07031 1227.05 1215.55 1236.77 5658 12817 8579 0
"85" 247.633279262445 5.32713998988894e-09 166637936 1155487789.66406 979.071 971.114 1004.71 3245 5944 3480 0
"86" 237.145147015972 8.77846633234332e-09 164397888 1215027807.4375 1253.58 1244.73 1271.26 3073 5372 3019 0
"87" 203.106592814128 5.88867502907912e-09 163716528 1279201019.96875 1273.03 1264.19 1292.48 2409 3494 1757 0
"88" 124.080788213556 5.30022889476031e-10 163570144 1578156728.45703 873.982 855.139 910.749 640 570 196 0
"89" 288.289576212565 3.66228906547322e-08 162202432 1155358097.125 1152.73 1141.05 1156.27 3981 8191 5289 0
"90" 357.311139787946 3.06498752069221e-09 161225440 1220485257.49219 1425.11 1415.38 1439.26 5198 11641 7804 0
"91" 301.248538970947 1.06801669443807e-08 158382560 1156706115.73438 1253.58 1244.73 1272.14 4224 8917 5798 0
"92" 229.108384784899 1.89443810554276e-07 155931104 1064708288.25 1241.2 1235.01 1256.23 2913 4878 2656 0
"93" 461.328003914126 3.02048940812388e-08 151767632 911797358.148438 975.534 968.461 994.986 6744 15268 10019 0
"94" 262.044003731864 3.69085484192151e-09 149819936 1064780118.51953 840.816 825.629 862.391 3501 6743 4158 0
"95" 240.152247688987 3.89400637269524e-09 149484416 1450293947.5625 683.419 671.472 710.766 3117 5537 3146 0
"96" 165.054694727847 2.5515324021471e-09 147722320 1290249228.86719 1273.03 1262.42 1295.13 1570 1803 777 0
"97" 270.233404159546 1.64145603775978e-09 147078368 961141477.132812 787.971 779.764 793.494 3644 7217 4531 0
"98" 200.200890604655 1.13498248245524e-09 145702960 967772059.5 1374.71 1362.33 1387.97 2344 3346 1658 0
"99" 244.227225262186 5.90506366825858e-08 143232864 887528639.898438 1060.59 1050.69 1072.08 3183 5740 3320 0
"100" 299.127259148492 5.98633454905616e-09 143031440 870226597.6875 1050.69 1032.12 1063.24 4184 8771 5675 0
"101" 397.212927049206 2.32470131689502e-08 142674112 934288342.378906 1111.87 1102.15 1129.56 5806 13184 8802 0
"102" 298.188971734816 3.26403526849644e-08 142475856 1020294584.92969 827.422 811.904 843.511 4167 8739 5648 0
"103" 292.089494493273 5.0386939293299e-09 142339648 1042392907.96875 1177.52 1169.56 1192.57 4055 8403 5408 0
"104" 236.044560432434 6.33055254095985e-09 140716144 1106230832.28125 936.486 927.607 955.076 3050 5282 2953 0
"105" 212.149290693567 1.44587614324554e-09 140687248 2039645939.65625 609.843 592.146 636.69 2582 3960 2039 0
"106" 383.08207804362 8.26843168543673e-09 139525376 968183956.96875 1293.36 1286.29 1311.93 5599 12645 8464 0
"107" 412.150435965402 1.29492969072166e-08 139350416 928227083.199219 830.108 822.874 853.321 6035 13700 9108 0
"108" 238.151377980302 8.12862886161339e-09 139244752 1100045692.22656 1242.97 1234.12 1270.37 3084 5413 3059 0
"109" 253.198983269769 1.66267648831502e-09 139156704 835177056.273438 797.161 789.806 822.874 3352 6260 3720 0
"110" 318.191123513614 1.01208700109506e-08 138852368 1237501299.11719 1228.82 1215.55 1244.73 4496 9848 6484 0
"111" 385.079113375756 1.10937542812799e-08 137483952 931660948 1293.36 1286.29 1312.82 5628 12726 8520 0
"112" 231.251314435686 1.72417867120612e-08 136938176 822114005.5625 1156.27 1150.96 1174.86 2961 5032 2779 0
"113" 329.279847063337 7.69632453678035e-09 136732016 927049734.835938 1354.37 1341.11 1371.17 4698 10429 6914 0
"114" 391.205845424107 1.04662917909168e-08 136709184 824788102.15625 740.368 732.162 757.83 5715 12984 8692 0
"115" 258.242776804957 2.00257292521998e-09 136690368 1055507850.28125 1411.85 1400.35 1425.11 3436 6532 3973 0
"116" 245.152481079102 3.66061511966917e-09 136426352 1111710457.80859 1119.83 1108.34 1140.17 3199 5781 3346 0
"117" 518.262926506274 5.27961123170275e-08 136086640 934620092.914062 1090.65 1082.69 1110.99 7512 16755 10841 0
"118" 258.084515195904 8.55299841725465e-09 135879840 993673123.1875 850.626 836.355 869.547 3429 6493 3939 0
"119" 216.19592330035 1.4301238385645e-08 135659248 1066640846.63281 927.607 916.986 946.212 2657 4184 2197 0
"120" 366.140360832214 8.41560728487469e-08 134357696 940798498.8125 1241.2 1230.59 1258 5351 11998 8029 0
"121" 116.052865645465 8.56461919804308e-10 133246984 1041978924.60156 1031.24 1021.51 1050.69 435 358 113 0
"122" 304.181570547598 6.72091191310828e-09 132990672 863480197.897461 599.615 585.641 614.432 4273 9084 5915 0
"123" 292.107227032001 9.09543954409086e-09 131754488 1008622989.69531 1235.01 1226.16 1248.27 4056 8404 5410 0
"124" 446.198285102844 2.78110570845104e-08 131603760 994414182.390625 1192.57 1181.05 1209.37 6527 14801 9760 0
"125" 347.108456611633 9.39490423808175e-09 131071160 966459495.5625 1332.27 1323.43 1350.84 5015 11191 7515 0
"126" 239.12780038934 6.35233534179405e-09 128987080 1089221234.15625 1273.03 1263.3 1296.02 3100 5467 3101 0
"127" 284.106231689453 4.81048355931821e-08 128889872 849454499.59375 1063.24 1057.88 1078.27 3894 7955 5089 0
"128" 555.526184082031 5.49480319023132e-08 128693488 802162085.039062 1143.79 1139.28 1153.61 8029 17630 11280 0
"129" 227.074335734049 1.04618569215139e-08 127605976 749998118.078125 949.748 940.022 957.81 2877 4794 2590 0
"130" 115.038999858655 2.36574996110292e-10 127408520 1708435828 822.874 815.55 831.899 406 316 103 0
"131" 312.216853422277 1.03366845113071e-08 126543512 1108249918.66016 1275.68 1260.65 1291.6 4406 9480 6203 0
"132" 317.172327378217 8.04158030559247e-09 125227504 1059129916.49609 1273.91 1260.65 1293.36 4482 9780 6421 0
"133" 245.136348855907 1.77226556932985e-08 125006296 826936735.742188 1375.59 1367.64 1392.39 3198 5778 3339 0
"134" 230.211511135101 3.61802860073024e-09 123067240 892028196.9375 1341.11 1321.66 1357.02 2937 4955 2721 0
"135" 281.097767365284 1.74249071180418e-08 122932552 869083892.59375 1246.5 1237.66 1271.26 3839 7785 4944 0
"136" 241.058985990637 6.93594601915057e-09 122047128 937621349.753906 1203.18 1193.45 1223.51 3128 5566 3168 0
"137" 556.216149902344 8.28877091407776e-08 120697936 816906431.25 1259.76 1251.81 1273.03 8034 17633 11281 0
"138" 442.24809660735 1.34789705955744e-08 120395648 937004836.53125 1243.85 1235.89 1258.88 6473 14668 9685 0
"139" 245.243284437391 1.34133880243361e-09 120129472 1405400422.21875 733.988 715.428 764.267 3204 5804 3369 0
"140" 427.194638933454 7.8433129207167e-08 119638368 830178906.203125 1168.67 1160.72 1184.6 6264 14183 9399 0
"141" 292.175758130623 9.43140493649425e-09 114751400 878131993.203125 1303.97 1289.83 1319.89 4059 8423 5418 0
"142" 267.054218433521 4.38066544356169e-09 114611928 893213115.03125 1038.31 1029.47 1052.46 3589 7024 4393 0
"143" 279.159107881434 2.32145847643123e-09 113807800 970259951 1371.17 1366.75 1380.9 3804 7708 4879 0
"144" 221.117252744477 6.75036824248694e-09 113213088 932145007.421875 1273.03 1263.3 1288.06 2767 4474 2386 0
"145" 115.039004248542 1.89094083926405e-10 112882312 3437547050.5 792.573 737.634 804.591 406 316 104 0
"146" 304.28453318278 1.4322612321738e-09 111552680 636915776 1181.05 1177.52 1187.26 4281 9106 5933 0
"147" 223.129537264506 1.98697630012183e-08 110769768 857945394.132812 1181.05 1168.67 1213.79 2810 4590 2452 0
"148" 143.070347179066 7.72820529675635e-10 110496872 2553567634 872.212 840.816 879.385 1059 1052 422 0
"149" 499.463970184326 8.55419784784317e-08 109837008 609803608.964844 1056.05 1051.57 1067.66 7258 16266 10579 0
"150" 328.211805725098 1.26929463524567e-08 109671120 742959442.375 1268.61 1261.53 1278.33 4678 10364 6863 0
"151" 301.204955206977 2.36748111626459e-09 107698792 921054341.875 736.723 723.836 755.972 4222 8877 5764 0
"152" 443.40133487477 3.20689971832668e-08 107398528 733835107.484375 923.181 916.986 931.162 6489 14716 9712 0
"153" 508.332814092221 1.85086557516467e-08 107004512 696898833.921875 1019.74 1012.67 1032.12 7379 16508 10699 0
"154" 179.085475376674 3.5961573364354e-09 106086640 987340131.964844 865.967 853.321 883.92 1898 2399 1071 0
"155" 428.171621050153 6.05051696458191e-08 105404992 687637979.453125 939.138 931.162 963.156 6277 14212 9411 0
"156" 209.113955097814 6.12049173283321e-08 104650832 867838271.75 1104.8 1095.07 1121.6 2531 3817 1948 0
"157" 169.141494750977 7.29955531455375e-10 104244352 1383589835.65625 623.822 613.508 647.609 1665 1983 860 0
"158" 256.217787606376 2.15571610227464e-08 103600776 649840737.945312 918.754 911.646 935.601 3406 6420 3875 0
"159" 143.070343017578 1.19741473879133e-09 101825664 756168040 1623.17 1621.4 1627.59 1059 1052 423 0
"160" 183.065234913546 2.79479777961704e-09 100471432 828593849.359375 1273.03 1264.19 1293.36 1988 2558 1162 0
"161" 282.212440259529 1.46118867577928e-08 97115272 634987499.703125 932.944 927.607 961.387 3856 7846 5001 0
"162" 257.178739890074 5.19328593564259e-09 97017664 982724114.78125 682.534 664.061 706.128 3421 6472 3920 0
"163" 264.041025161743 6.03482007018981e-09 96368048 683058642.628906 840.816 833.684 861.494 3542 6861 4258 0
"164" 296.193716114965 1.49745659287927e-08 95669920 613519492.1875 1276.56 1257.11 1290.71 4130 8630 5571 0
"165" 217.1047181629 2.81938709725348e-09 95631208 1564728354.3125 608.93 598.683 636.69 2674 4227 2214 0
"166" 206.175125558036 2.57412863879645e-08 94131792 628318674.175781 762.443 751.327 785.234 2477 3688 1884 0
"167" 175.096527763035 8.8948054590087e-10 93943344 1603809953 902.654 873.096 913.435 1802 2226 989 0
"168" 224.144322713216 2.63874729474386e-08 92584072 666668845.609375 941.791 931.162 958.721 2828 4652 2495 0
"169" 320.276290893555 2.64681875705719e-08 91397896 584553500.625 1026.82 1021.51 1043.62 4533 10001 6616 0
"170" 203.204521872781 5.00535487612605e-09 90184624 664045660.53125 1170.44 1163.37 1181.94 2414 3524 1781 0
"171" 254.089568211482 4.99822072920756e-09 89209944 824001831 694.25 686.071 733.074 3367 6290 3741 0
"172" 244.146211960736 6.63401323259408e-09 87869136 763139532.839844 1120.71 1110.99 1140.17 3177 5728 3306 0
"173" 279.159078979492 1.66603260570102e-09 87467032 413018473 1364.98 1357.91 1365.87 3804 7708 4880 0
"174" 214.216583760579 3.61021308378242e-10 86138064 719558841.734375 1433.07 1421.57 1447.21 2622 4074 2123 0
"175" 261.130766078404 6.18742544110082e-09 85907120 922781148.6875 683.419 670.545 701.55 3489 6686 4106 0
"176" 460.243166503906 8.71500621239344e-08 85765584 538097559.5 992.334 986.145 1007.36 6725 15213 9996 0
"177" 303.308630807059 3.12904674540121e-09 85343608 562675166.425781 1208.48 1194.33 1226.16 4260 9054 5895 0
"178" 367.15786427465 5.41130530423132e-09 85241144 607670901.097656 1398.58 1390.62 1415.38 5367 12042 8052 0
"179" 349.105509757996 7.30693911112124e-09 85075904 613633775.648438 1332.27 1323.43 1350.84 5055 11287 7581 0
"180" 101.059744517008 1.7268272737662e-10 84517000 466016368 1642.62 1639.97 1644.39 33 37 8 0
"181" 251.180923734392 4.24590868899575e-09 83753232 1253861199.78125 1299.55 1275.68 1324.31 3321 6159 3635 0
"182" 197.096099853516 1.14624316875751e-09 83634208 589504000.09375 1302.21 1294.25 1317.24 2280 3203 1545 0
"183" 283.112583705357 1.29719930035727e-08 82212400 540067686.96875 1063.24 1057.88 1075.62 3873 7903 5053 0
"184" 232.22716171677 2.56952737365757e-09 81836184 538095851.207031 999.407 989.681 1023.28 2979 5077 2816 0
"185" 196.126032621964 1.22162976846603e-09 81564024 1221784203.5625 608.93 597.752 639.418 2259 3161 1525 0
"186" 558.438374110631 2.40222092658754e-08 80906600 534070727.96875 1080.04 1072.97 1096.84 8055 17703 11335 0
"187" 399.243743896484 1.9371509552002e-07 80684032 496415354.199219 1119.83 1106.57 1136.63 5830 13250 8842 0
"188" 223.145796140035 1.45880370037564e-09 80068168 991106118.851562 1456.94 1441.02 1482.58 2811 4610 2472 0
"189" 193.143290201823 4.08349128869864e-09 80000232 554130972.34375 1241.2 1233.24 1256.23 2193 3018 1440 0
"190" 278.183172607422 1.02381254064626e-08 79369832 620677471.015625 1273.03 1262.42 1288.94 3786 7636 4834 0
"191" 169.068189348493 1.13335551408233e-09 79046416 573858522.78125 1242.08 1235.01 1258.88 1657 1960 848 0
"192" 261.037710189819 6.03482007018981e-09 78455728 536881824.972656 842.612 819.202 859.688 3486 6675 4096 0
"193" 571.339084472656 6.24234477678935e-08 77105576 494385591.75 1088 1078.27 1102.15 8209 17948 11463 0
"194" 115.039004239169 4.57723879001357e-10 76990392 1502122222 837.244 833.684 862.391 406 316 105 0
"195" 289.293137399774 4.28789627482319e-08 76223976 465281758.25 1162.48 1157.15 1173.1 3999 8257 5330 0
"196" 214.19023177203 1.95415879793983e-09 75886648 579454907.15625 1184.6 1177.52 1206.71 2621 4070 2120 0
"197" 285.111063957214 1.10923147369777e-08 75284152 646178806.96875 785.234 767.915 802.725 3917 8011 5140 0
"198" 204.144264221191 8.30964538557776e-10 74645472 610614830.96875 810.081 791.645 827.422 2430 3557 1805 0
"199" 317.166960617592 1.85920430228041e-08 74475848 540079207.21875 1330.5 1323.43 1348.18 4482 9781 6424 0
"200" 246.158740997314 5.16733815593104e-09 74354840 602084407.285156 1119.83 1110.1 1137.51 3217 5826 3384 0
"201" 257.12223900689 2.16857722354314e-08 72143696 524070564.757812 1052.46 1041.85 1073.85 3419 6453 3902 0
"202" 409.152559988839 1.0295888455976e-07 71910504 503697101.5 1203.18 1195.22 1235.01 5995 13606 9044 0
"203" 304.284544571586 4.52777378172743e-09 71744424 429584878.65625 1191.68 1188.14 1207.6 4281 9106 5934 0
"204" 475.379460384971 3.63488120642322e-08 71740936 385032147.273438 1187.26 1181.05 1196.99 6938 15679 10247 0
"205" 276.280851944633 1.92596035983723e-08 70645496 493666929.75 1144.7 1137.51 1157.15 3762 7566 4776 0
"206" 257.119345388105 5.53786434153075e-09 69826600 525732043.203125 1011.79 1002.94 1030.35 3419 6454 3904 0
"207" 433.311962890625 1.52344766416048e-08 69671928 381179092.0625 1182.83 1177.52 1195.22 6358 14416 9523 0
"208" 328.211838378906 7.92555510997772e-09 69418520 485604376.5625 1301.32 1293.36 1314.58 4678 10364 6864 0
"209" 237.204065176157 2.60913601288429e-09 68781232 483147041.546875 1302.21 1294.25 1316.35 3074 5387 3035 0
"210" 291.113544094947 1.50673972663059e-08 67856176 532010395.867188 1234.12 1227.05 1253.58 4037 8344 5380 0
"211" 405.210135323661 8.26856762013107e-09 67470088 532176878.90625 1227.05 1218.21 1242.08 5931 13484 8962 0
"212" 238.210340646597 1.41063131965124e-08 67388888 480351475.476562 1301.32 1294.25 1316.35 3089 5437 3085 0
"213" 298.13341443292 1.2299880899232e-08 67118424 423918154.875 1050.69 1036.54 1061.47 4165 8726 5644 0
"214" 276.237959543864 4.45246426523596e-09 66804048 425199633.515625 805.52 798.08 819.202 3759 7558 4766 0
"215" 285.252398173014 1.48944124795388e-08 66744224 436074867.78125 908.947 902.654 927.607 3923 8043 5166 0
"216" 221.113775319067 2.80962357747144e-08 66282400 490716259.4375 1168.67 1161.6 1187.26 2767 4475 2389 0
"217" 378.235506119267 1.5518037221765e-08 66232652 509872007.289062 1207.6 1192.57 1225.28 5541 12492 8365 0
"218" 264.203133583069 3.61920214228092e-09 65496724 516714529.542969 1189.03 1179.28 1206.71 3546 6873 4266 0
"219" 268.217856773963 2.15737292399773e-08 64883512 386223689.867188 916.986 911.646 943.559 3613 7114 4462 0
"220" 637.41998056265 1.02067222962013e-07 64612528 410808861.949219 1362.33 1355.26 1377.36 8931 19085 12086 0
"221" 271.236793212891 5.76488673686981e-09 64310332 410485941.0625 800.858 794.414 816.462 3659 7272 4562 0
"222" 564.291647338867 1.69696776490462e-08 63680676 411119165.375 1259.76 1252.69 1269.49 8123 17823 11403 0
"223" 557.299110149515 2.11653377622219e-07 63653432 412754114.4375 1150.96 1140.17 1165.14 8042 17654 11300 0
"224" 294.206392560686 7.10071867735928e-09 63560240 527841091.9375 1273.03 1259.76 1286.29 4099 8513 5482 0
"225" 228.195870139382 5.03962432151233e-10 63450476 448966981.28125 1217.32 1207.6 1226.16 2903 4861 2641 0
"226" 244.19075012207 2.34770899017652e-09 63338724 442028779.953125 1212.9 1205.83 1227.05 3180 5735 3314 0
"227" 362.10914846567 1.78942886682657e-08 63292852 423991883.367188 1319.01 1311.93 1334.04 5286 11834 7925 0
"228" 274.274003770616 3.31136915418837e-09 62853240 646347270 1168.67 1165.14 1180.17 3712 7423 4672 0
"229" 294.154652913411 8.638354315274e-09 62497088 467374627.8125 1067.66 1056.05 1076.5 4099 8514 5485 0
"230" 193.057940083165 2.62472738501846e-09 61839208 516787419.152344 988.797 979.071 1005.6 2190 2989 1420 0
"231" 234.120455932617 3.47305710117022e-09 61742512 392277517.375 1232.35 1224.4 1245.62 3011 5169 2872 0
"232" 248.222044846107 3.09217445956075e-09 61652284 368149656.90625 1023.28 1015.32 1040.08 3266 5993 3514 0
"233" 244.263509413775 2.09376380285796e-09 61389488 362034889 1176.63 1171.33 1185.49 3187 5744 3323 0
"234" 403.394938151042 1.96464714549837e-08 60880828 324604510.726562 1171.33 1165.14 1177.52 5902 13416 8930 0
"235" 304.284677124023 3.76548422010321e-08 60880728 615212932.0625 1173.1 1159.82 1176.63 4281 9106 5935 0
"236" 385.100420438326 1.10397545190958e-08 60460832 495594645.09375 1090.65 1082.69 1104.8 5629 12727 8521 0
"237" 193.000975073838 1.48784460091009e-09 60403256 598330591.484375 820.118 806.436 844.397 2184 2977 1418 0
"238" 260.045908028739 7.16414020842865e-09 60185796 462768287.037109 677.05 668.695 699.72 3467 6620 4048 0
"239" 260.19172668457 1.03825220355281e-08 59784924 380274102.15625 1007.36 1002.06 1027.7 3476 6653 4074 0
"240" 316.187046595982 4.09116702420371e-08 59715280 369475488.0625 1325.19 1317.24 1341.11 4467 9719 6377 0
"241" 258.125674656459 5.54235484549608e-09 59225492 450074998.882812 1011.79 1002.94 1026.82 3431 6504 3944 0
"242" 203.220016479492 3.25962901115417e-09 59110420 355590007 1071.2 1065.89 1078.27 2415 3528 1785 0
"243" 327.201346261161 4.68125103642701e-09 57457704 384586323.734375 777.03 763.355 787.971 4658 10316 6837 0
"244" 300.049167339618 3.7500778069863e-08 57384252 375205907.640625 1315.47 1309.28 1335.8 4197 8810 5709 0
"245" 329.005130474384 3.67514215982877e-09 57267188 559971399.5 1246.5 1229.7 1258.88 4686 10385 6883 0
"246" 291.182052149917 8.44716630650289e-09 57142520 435352844.554688 1303.97 1295.13 1323.43 4040 8370 5395 0
"247" 260.084684174636 7.84513104725354e-09 56852052 421991677.1875 873.096 862.391 888.405 3471 6624 4050 0
"248" 388.254171142578 7.04079866409302e-09 56559048 381965393.144531 810.081 799.004 821.951 5677 12874 8623 0
"249" 314.164851597377 1.06732523630536e-08 56322340 412554663.71875 1331.38 1325.19 1349.07 4435 9585 6276 0
"250" 311.136351554624 1.37515285963653e-08 56188708 455175393.484375 922.296 913.435 940.022 4387 9417 6145 0
"251" 253.034804473052 4.69471878923095e-09 55981064 424059213.398438 899.077 885.715 930.271 3344 6224 3694 0
"252" 680.448044433594 1.36060019334157e-07 55976776 321684891.703125 1115.41 1098.61 1128.67 9346 19570 12350 0
"253" 217.107151031494 2.02967582837395e-09 54855068 609660783 908.044 899.971 928.492 2674 4228 2216 0
"254" 327.008095070168 4.12594473939336e-09 54709004 577435057.25 1246.5 1235.89 1258.88 4649 10291 6820 0
"255" 710.428615993924 8.86428050505809e-08 54602128 412671136.273438 1282.75 1274.8 1297.79 9586 19849 12471 0
"256" 218.211587088449 5.03357677232652e-09 54324808 278341934 949.748 948.864 954.17 2704 4317 2286 0
"257" 380.291366050983 1.41441748647267e-08 54238632 425026600.824219 686.071 677.975 703.38 5570 12567 8409 0
"258" 280.139063908504 1.2436738381019e-09 53622184 558548437.75 984.376 971.114 993.218 3817 7745 4913 0
"259" 422.272909064042 1.98736612559759e-08 53551820 352977259.28125 1323.43 1316.35 1332.27 6194 14037 9293 0
"260" 193.124435917024 2.72386817521946e-09 53316528 407459183.90625 858.781 851.522 878.474 2192 3003 1428 0
"261" 284.107713370488 9.41874505263831e-09 52379464 435682426.96875 785.234 777.03 802.725 3894 7956 5091 0
"262" 268.211753513502 9.07763426482913e-09 52198492 345809451.6875 932.053 927.607 947.096 3612 7110 4458 0
"263" 190.180151590487 4.35364909651803e-09 51896700 462284005.027344 689.693 672.4 717.295 2142 2885 1356 0
"264" 296.12399882655 1.18227895870004e-08 51888308 313446951.90625 1050.69 1039.19 1065.89 4129 8612 5556 0
"265" 295.045382292374 3.37926531026486e-09 51879104 396168405.015625 795.332 787.971 808.258 4110 8543 5507 0
"266" 218.211568196615 7.06252952416738e-09 51821828 147557336 946.212 946.212 947.98 2704 4317 2287 0
"267" 275.148819986979 8.71803568697524e-09 50804060 486667188.5625 1041.85 1028.58 1054.23 3729 7469 4695 0
"268" 229.107135847503 2.75525392270556e-09 50368732 700232294.25 1002.06 953.285 1010.02 2913 4878 2657 0
"269" 727.357958475749 6.44569703634234e-08 50154016 353540826.898438 1325.19 1317.24 1337.57 9720 19981 12532 0
"270" 312.075728567023 1.47872298404808e-08 49831960 448259485.039062 956.898 947.98 987.029 4402 9456 6186 0
"271" 345.231169756721 1.68476419759094e-08 49196636 349405146.951172 777.03 762.443 792.573 4984 11129 7459 0
"272" 263.034752155172 5.0993351807148e-09 49109068 342773131.257812 842.612 834.574 859.688 3526 6805 4210 0
"273" 383.244985351562 1.01452072461446e-08 48978492 308257667.984375 1103.03 1095.96 1117.18 5603 12666 8479 0
"274" 217.191138226053 2.19762678674087e-09 48656752 332726350.117188 1228.82 1220.86 1240.31 2681 4245 2236 0
"275" 300.160121211299 2.09693513025246e-08 48510724 330418638.328125 820.118 806.436 834.574 4203 8824 5716 0
"276" 312.188622368707 1.39220784872006e-08 48432296 327470515.484375 1269.49 1258.88 1281.87 4406 9481 6206 0
"277" 433.262042501698 8.00716547155569e-08 48431108 321880936.875 1166.02 1159.82 1179.28 6355 14409 9516 0
"278" 139.102700666948 1.34507573141164e-09 48381380 336005751.105469 994.102 986.145 1004.71 972 949 375 0
"279" 230.226517995199 2.97449583160704e-09 47988460 364247656.96875 1284.52 1277.45 1297.79 2939 4960 2727 0
"280" 236.151506347656 1.77401428421338e-08 47923176 341382880.90625 1253.58 1248.27 1269.49 3053 5289 2958 0
"281" 289.256603738536 5.14252030331155e-09 47846604 311594949.71875 1301.32 1294.25 1313.7 3998 8250 5318 0
"282" 376.771034240723 9.98134846272676e-09 47776020 331490236.492188 848.848 841.715 862.391 5513 12419 8322 0
"283" 316.176007080078 3.50373355965865e-08 47553888 280056074.5625 1048.92 1042.73 1059.7 4467 9720 6378 0
"284" 308.176450195312 1.62360568841298e-09 46846964 307766458.90625 800.858 795.332 817.373 4338 9287 6051 0
"285" 519.266444614955 5.69634336643118e-08 46710964 323697231.625 1090.65 1083.58 1107.45 7523 16777 10858 0
"286" 186.185265902815 1.43884749982157e-09 46663428 302988533.5 1357.91 1348.18 1372.94 2059 2714 1260 0
"287" 163.046048048066 5.14782874322519e-10 46520644 730991622.253906 660.406 645.773 682.534 1522 1723 730 0
"288" 294.086499249494 4.89010685189837e-09 46049140 338431201.453125 1177.52 1169.56 1192.57 4095 8504 5474 0
"289" 322.186044832555 5.18928395538795e-09 46040500 499512963.6875 1122.48 1104.8 1140.17 4569 10081 6667 0
"290" 282.191102680407 8.15271568162682e-09 45418896 314757799.84375 813.727 799.004 833.684 3856 7847 5003 0
"291" 239.216614899812 1.5389375876837e-09 45207612 325897368.40625 1301.32 1294.25 1317.24 3103 5495 3118 0
"292" 332.212028503418 1.52810427703355e-08 45101908 287509325.171875 944.443 938.254 960.503 4748 10572 7033 0
"293" 246.191250708795 3.80940975681428e-09 45077248 397477622.417969 879.385 869.547 896.404 3218 5855 3409 0
"294" 236.197816636827 4.80586328567603e-09 44997312 315579393.265625 1302.21 1295.13 1318.12 3056 5319 2981 0
"295" 266.202160305447 7.46579828605153e-09 44928496 281160802.53125 933.832 927.607 942.675 3576 7004 4375 0
"296" 256.115913391113 7.95673417008441e-09 44805368 325037680.71875 1053.34 1046.27 1066.78 3403 6392 3843 0
"297" 258.279161857836 8.32545937913837e-09 44762544 292516554.539062 1218.21 1209.37 1240.31 3438 6535 3977 0
"298" 248.249369049072 1.42216633417104e-08 44231308 303657229.875 1056.05 1049.8 1066.78 3269 5996 3520 0
"299" 399.210164037244 7.53889566865461e-08 44156076 288014807.125 1111.87 1104.8 1133.09 5829 13244 8837 0
"300" 462.331401367187 5.812073747317e-08 44068000 261334065.203125 975.534 970.229 993.218 6757 15294 10037 0
"301" 147.065220832825 3.32753794888655e-10 43551848 492155496 822.874 817.373 831.003 1150 1166 486 0
"302" 131.070315630008 4.67860767072351e-10 43301836 885481296 891.972 873.096 907.143 783 726 273 0
"303" 319.303555575284 5.22508249654398e-09 43289304 267938195.632812 1219.98 1213.79 1232.35 4515 9945 6569 0
"304" 368.137594049627 6.59787616172394e-09 43197468 291492386.40625 1241.2 1234.12 1252.69 5383 12071 8064 0
"305" 255.084784421054 1.26529672039362e-08 43190068 650293986.605469 653.12 641.23 680.757 3382 6332 3781 0
"306" 284.178456624349 2.65814984838168e-09 42973456 345860739.8125 736.723 720.104 749.479 3897 7967 5101 0
"307" 129.091010030111 8.94123195916757e-10 42958484 514918702.5 1090.65 1078.27 1103.92 742 676 243 0
"308" 237.157666015625 6.9073090950648e-09 42954548 331412686.1875 1242.97 1235.01 1260.65 3073 5373 3022 0
"309" 280.104073486328 1.99861824512482e-08 42950680 315057118.6875 1245.62 1238.54 1259.76 3816 7736 4907 0
"310" 308.133972167969 1.35559174749586e-08 42927728 534416877.15625 947.096 924.954 956.898 4336 9281 6046 0
"311" 262.237692997373 6.71194545153914e-09 42892384 284689342.578125 935.601 929.38 960.503 3509 6784 4202 0
"312" 175.188631330218 4.8262466277395e-09 42887784 294254632.03125 941.791 934.717 952.401 1808 2254 1008 0
"313" 387.076156090046 1.44767900699465e-08 42543268 291143735.335938 1293.36 1287.17 1311.93 5655 12799 8568 0
"314" 556.52985055106 1.94554309268574e-07 42420900 278936770.15625 1143.79 1139.28 1150.96 8039 17652 11298 0
"315" 380.191566749855 7.70795464176058e-09 42183516 387847813.65625 1133.98 1118.95 1141.96 5566 12552 8398 0
"316" 475.391251627604 1.55486521266756e-08 41985344 283604870.355469 955.987 951.517 964.924 6939 15680 10248 0
"317" 305.156910822942 7.52078799101023e-09 41973592 352223347.171875 734.9 724.767 747.655 4292 9137 5950 0
"318" 248.134969983782 5.93872129838303e-09 41759592 285666417.882812 979.071 972.882 996.754 3259 5965 3488 0
"319" 142.149834769113 1.51218229885301e-09 41364576 489413917.496094 686.964 666.841 711.699 1044 1035 415 0
"320" 250.128531689914 7.52728967690849e-09 41177304 564229302.9375 989.681 956.898 1002.94 3302 6080 3580 0
"321" 376.214281717936 1.68380422004755e-08 41142840 258865452.515625 689.693 684.303 705.211 5504 12401 8299 0
"322" 398.100223117405 3.71311614715975e-09 41058088 243722773.75 1351.72 1346.41 1361.45 5815 13208 8812 0
"323" 248.178179654208 1.67779172911788e-08 40922056 297135729.773438 1148.31 1139.28 1158.04 3261 5975 3495 0
"324" 280.139079093933 3.28122217568659e-09 40651340 571682197.75 891.972 883.019 910.749 3817 7745 4914 0
"325" 425.366408284505 1.34199148132688e-08 40455600 197429508.484375 1184.6 1179.28 1191.68 6239 14133 9365 0
"326" 256.113074408637 3.89245076057238e-09 40197864 298974185.757812 1012.67 1004.71 1027.7 3403 6393 3846 0
"327" 156.095773395739 1.86943466302172e-09 40001312 418445459.970703 672.4 654.94 693.339 1359 1463 605 0
"328" 388.183624267578 5.79489601982964e-09 39902888 302941802.742188 1227.05 1219.09 1235.01 5674 12859 8609 0
"329" 288.253403513055 4.30859233203687e-08 39738616 244988174.28125 1166.02 1160.72 1176.63 3979 8186 5284 0
"330" 792.397198016827 1.25995049109826e-07 39629736 274816414.585938 1273.91 1265.07 1287.17 10106 20343 12685 0
"331" 229.071546173096 5.08373456173822e-08 39619080 235940879.238281 949.748 941.791 959.619 2912 4873 2653 0
"332" 173.080897676772 4.38964167468485e-10 39083684 866469897.5 783.41 736.723 799.004 1752 2128 943 0
"333" 790.380126953125 3.75158646527459e-07 38512064 220415707.25 1227.05 1220.86 1237.66 10096 20331 12678 0
"334" 273.261867747587 2.26872918360374e-08 38308804 226375548.853516 1149.19 1136.63 1157.15 3692 7370 4621 0
"335" 194.998001590852 1.17166388419367e-09 38233040 369921633.136719 820.118 809.17 837.244 2228 3067 1480 0
"336" 338.180872802734 9.90927219390869e-09 38029868 338196492.34375 1034.77 1032.12 1053.34 4852 10827 7240 0
"337" 322.149641927083 5.69926596235955e-09 37530024 416797995.625 1025.05 1010.02 1035.66 4568 10079 6664 0
"338" 147.065221052903 2.89633594801703e-10 37373380 910126746 792.573 755.044 801.792 1150 1166 487 0
"339" 176.096803894043 3.70723404446427e-10 37320956 616671629.675781 646.69 628.492 674.256 1830 2281 1015 0
"340" 247.117617556923 5.32181962667454e-09 36883136 514738092.1875 978.186 957.81 990.565 3238 5899 3440 0
"341" 313.1839101691 2.0407401678855e-08 36651560 228366460.3125 1325.19 1319.01 1334.92 4422 9540 6237 0
"342" 509.336271740141 4.83799903165726e-08 36614328 236147616.886719 1019.74 1012.67 1030.35 7394 16533 10713 0
"343" 273.185612792969 1.37897829214732e-08 36599848 236634992.171875 696.072 690.604 712.631 3687 7356 4600 0
"344" 302.046124267578 8.5681676864624e-09 36352092 237885853.96875 1315.47 1309.28 1326.08 4233 8930 5807 0
"345" 273.253640879755 1.56079356378246e-09 35685812 246724798.28125 1395.05 1388.86 1408.31 3692 7371 4623 0
"346" 244.227163314819 2.72943314326846e-09 35526524 233100065.6875 1371.17 1363.21 1383.55 3183 5740 3321 0
"347" 751.502971033896 2.56892814431139e-07 35522036 240641801.320312 1089.77 1068.55 1105.68 9887 20154 12615 0
"348" 289.292965975675 5.49268654801629e-09 35396688 236052138.703125 1179.28 1173.98 1202.29 3999 8257 5331 0
"349" 429.191758589311 7.94486695037776e-08 35343588 257686333.40625 1167.79 1161.6 1180.17 6296 14256 9435 0
"350" 158.154001871745 5.19391435843248e-10 35182188 280683659.1875 1213.79 1204.94 1227.93 1407 1553 648 0
"351" 140.046669551304 2.0089342441193e-09 35168064 291232803.246094 1050.69 1042.73 1066.78 986 962 378 0
"352" 358.314451853434 4.00704912085464e-09 35075496 264725183.671875 1425.11 1417.15 1437.49 5218 11681 7835 0
"353" 220.218084161932 1.54676149675856e-08 34858864 292785264.820312 920.523 915.215 933.832 2753 4453 2372 0
"354" 557.219819335937 1.49048864841461e-07 34717384 229610399.074219 1259.76 1251.81 1284.52 8042 17655 11301 0
"355" 144.138363873517 2.63344061340702e-09 34518012 254470995.0625 1170.44 1154.5 1185.49 1087 1088 446 0
"356" 236.213070031368 5.4137534320806e-09 34433124 244073300.964844 955.987 948.864 977.302 3057 5323 2989 0
"357" 181.082512817383 2.36866374810537e-09 34319032 310256974.609375 865.967 856.96 878.474 1937 2474 1120 0
"358" 357.180179595947 1.6951083165148e-08 34193108 229573109.4375 1002.06 994.102 1014.44 5192 11616 7786 0
"359" 239.127831892534 4.67122778360978e-09 33980688 234172594.90625 1325.19 1316.35 1334.92 3100 5467 3102 0
"360" 209.138426836799 7.89383037842531e-10 33877000 338503415.859375 719.167 699.72 730.323 2532 3823 1952 0
"361" 335.187249952747 2.35574540271554e-08 33757860 224062971.265625 917.87 912.542 939.138 4805 10711 7143 0
"362" 149.023420715332 6.83786837678207e-10 33756976 292390178.25 1372.06 1366.75 1383.55 1191 1211 504 0
"363" 467.405553181966 2.29269704397987e-08 33573380 184527413.746094 955.987 950.633 966.693 6832 15438 10131 0
"364" 338.180891557173 4.53808090903542e-09 33434986 300463804 1028.58 1022.4 1031.24 4852 10827 7241 0
"365" 316.109018961589 9.3442698319753e-09 33301768 257320571.625 967.577 961.387 979.071 4465 9700 6366 0
"366" 447.201731755183 1.19166305431953e-08 33047200 251642201.273438 1191.68 1183.72 1205.83 6548 14833 9772 0
"367" 212.148192723592 2.04583056325066e-08 32819860 249565633.75 1101.26 1094.19 1114.52 2582 3961 2040 0
"368" 113.059709866842 3.21302070295897e-10 32809960 290323818.375 1228.82 1218.21 1238.54 362 270 88 0
"369" 500.467388446514 4.69601498200343e-08 32766254 182858068.90625 1056.96 1051.57 1062.36 7271 16300 10600 0
"370" 292.276011149089 5.80389430557472e-08 32453318 205503396.328125 1158.04 1152.73 1173.98 4065 8441 5434 0
"371" 359.996313279675 7.228264885564e-09 32287374 223286351.765625 1417.15 1410.96 1437.49 5241 11742 7872 0
"372" 201.194794311523 4.89875674247742e-09 32159414 248206682.648438 1171.33 1164.25 1185.49 2363 3406 1702 0
"373" 243.139976196289 4.32909776767095e-09 32014196 258794955.695312 1122.48 1113.64 1134.86 3159 5681 3265 0
"374" 398.216426595052 1.02364126293139e-07 31718498 206290706.339844 1111.87 1105.68 1133.09 5818 13219 8818 0
"375" 361.993289794922 9.02762015660604e-09 31708246 220623491.015625 1417.15 1410.96 1432.18 5280 11828 7924 0
"376" 226.180184104226 7.04539480147424e-09 31638820 218380981.820312 1212.9 1204.94 1223.51 2865 4776 2576 0
"377" 408.222821322354 1.84188189702633e-08 31560532 209026269.96875 1174.86 1169.56 1188.14 5978 13586 9027 0
"378" 554.530095027043 7.78967753434792e-08 31197178 203213587.3125 1143.79 1139.28 1150.08 8020 17614 11273 0
"379" 265.179936562815 2.6331393308537e-08 30978256 230686365.664062 1300.44 1292.48 1319.01 3560 6953 4324 0
"380" 300.095081530119 8.40368849492213e-09 30880684 219544660.773438 944.443 937.37 953.285 4200 8814 5713 0
"381" 294.16079598886 1.12820045221225e-08 30551294 225053181.957031 831.899 822.874 846.177 4099 8515 5487 0
"382" 232.236108689081 4.57456778912317e-09 30466042 212074375.125 1283.64 1277.45 1295.13 2979 5078 2819 0
"383" 123.044057784542 1.40073919488538e-09 30087324 266936872.398438 1272.14 1263.3 1293.36 620 546 186 0
"384" 246.242778778076 1.72294676303864e-09 30014892 355772286 1092.42 1089.77 1103.03 3220 5869 3425 0
"385" 222.135820661272 3.46166195062102e-09 29807254 222292439.78125 1181.05 1173.98 1197.87 2790 4534 2417 0
"386" 498.467636108398 4.99690381380228e-08 29755182 155730206.757812 1056.96 1051.57 1063.24 7246 16243 10570 0
"387" 493.401782226562 8.21958695139204e-08 29602740 196479106.742188 954.17 951.517 964.04 7185 16137 10515 0
"388" 301.164517106681 1.1398378998188e-08 29591852 261279598.457031 1228.82 1212.9 1242.08 4222 8878 5766 0
"389" 129.091008366765 1.86334434035304e-09 29521158 453201613.25 936.486 923.181 955.076 742 676 244 0
"390" 245.222387949626 7.85381627687510e-09 29110890 188346960.683594 1326.96 1319.01 1339.34 3203 5798 3362 0
"391" 261.225359235491 1.61035035653089e-08 29104144 192749474.921875 1211.13 1196.1 1224.4 3492 6725 4138 0
"392" 271.112663574219 1.45348409811656e-08 29000604 229639115.53125 1056.96 1049.8 1071.2 3655 7238 4543 0
"393" 259.131936035156 5.31785190105438e-09 28998286 231666885.414062 1010.02 1002.94 1024.16 3447 6544 3982 0
"394" 444.404623849051 4.04664775827429e-08 28851158 185312992.742188 922.296 917.87 929.38 6505 14750 9731 0
"395" 607.238580877131 1.08888138940324e-07 28838668 195366470.46875 1341.11 1334.92 1353.49 8603 18609 11831 0
"396" 151.111793994904 1.56198380394809e-09 28821576 362655752.875 1038.31 1026.82 1054.23 1251 1305 542 0
"397" 203.127741495768 8.80321576481774e-09 28773914 234745845 927.607 921.407 933.832 2410 3501 1762 0
"398" 650.056107230808 4.71477452002966e-08 28739520 190288607.5625 1217.32 1211.13 1230.59 9058 19256 12179 0
"399" 219.122773977426 2.66967198023429e-09 28710034 342156121 872.212 858.781 881.207 2722 4350 2308 0
"400" 277.179845473346 2.12286763331469e-09 28710008 202109260.5 1340.23 1334.04 1348.18 3773 7597 4799 0
"401" 289.292895148782 4.45939162198235e-08 28634904 210860008.3125 1151.85 1141.05 1156.27 3999 8257 5332 0
"402" 315.193187168666 1.47665799646587e-07 28576488 166665201.136719 1324.31 1309.28 1327.85 4455 9645 6326 0
"403" 293.174799380095 2.00363192633678e-08 28402098 191152741.53125 1269.49 1262.42 1281.87 4082 8473 5451 0
"404" 302.251845510382 5.10865833327087e-09 28277060 196439269.84375 1253.58 1246.5 1264.19 4242 8972 5840 0
"405" 305.159513120298 2.50210025032022e-09 28246174 279807758.0625 1122.48 1106.57 1136.63 4292 9138 5951 0
"406" 260.258433837891 4.41446900367737e-09 28229206 177055162.9375 1105.68 1099.49 1120.71 3480 6667 4090 0
"407" 301.204987746019 1.12861968003787e-08 27878750 161286463.742188 691.516 674.256 706.128 4222 8877 5765 0
"408" 353.184738885789 1.90566338243939e-08 27861458 180137664.953125 1282.75 1276.56 1294.25 5122 11454 7687 0
"409" 531.453664926382 2.90477123015966e-07 27800608 126686022.722656 1075.62 1072.08 1082.69 7718 17104 11032 0
"410" 129.09100227356 6.8520864424033e-10 27703924 421546947.75 867.758 839.917 874.869 742 676 245 0
"411" 428.198071289063 8.26548784971237e-08 27522236 188192231.238281 1167.79 1161.6 1182.83 6277 14213 9413 0
"412" 394.207195575421 5.36499115136953e-08 27418366 300684118.71875 1133.98 1120.71 1148.31 5764 13096 8749 0
"413" 572.342582370924 2.9228068151964e-08 27385096 171192110.761719 1088 1081.81 1101.26 8223 17975 11476 0
"414" 223.154062906901 2.36822026116507e-09 27353686 352343730.28125 820.118 795.332 827.422 2811 4611 2475 0
"415" 251.047364044189 1.98144847765947e-09 27311320 344169514.875 630.32 620.999 656.763 3317 6120 3607 0
"416" 277.128178523137 1.0467009988391e-08 27280694 461585051.21875 943.559 922.296 956.898 3772 7590 4791 0
"417" 318.28109375 2.2167960802714e-07 27232156 308417923.96875 1140.17 1136.63 1162.48 4500 9871 6508 0
"418" 197.105168369838 2.00476966986135e-08 27126444 207472951.328125 704.296 696.072 728.47 2280 3204 1546 0
"419" 369.155078464084 7.02478965513067e-08 27084166 187200635.4375 1398.58 1393.28 1408.31 5395 12104 8094 0
"420" 367.143835979959 1.6167465405973e-08 26965060 189656950.507812 1241.2 1234.12 1253.58 5366 12036 8048 0
"421" 255.122708638509 8.47638517186262e-09 26958382 178363421.941406 1235.89 1221.74 1247.39 3384 6344 3796 0
"422" 288.253266652425 6.27461712861407e-09 26837392 187644467.78125 1362.33 1354.37 1374.71 3979 8186 5285 0
"423" 235.117580213045 1.3732923227444e-08 26834532 287765307.5 915.215 907.143 923.181 3037 5242 2921 0
"424" 330.283120727539 6.77414630588732e-09 26671928 175083067.21875 1353.49 1348.18 1364.98 4716 10471 6947 0
"425" 253.17771697998 7.01153802932525e-08 26531778 349982617.816406 1299.55 1261.53 1321.66 3352 6261 3722 0
"426" 258.279233990294 2.54914277430737e-08 26490996 169893803.105469 1156.27 1150.96 1179.28 3438 6535 3978 0
"427" 265.195599099864 1.67122707065386e-09 26410354 206594940.390625 1188.14 1181.05 1200.52 3561 6958 4330 0
"428" 386.106868349273 2.04473476985405e-07 26399202 213796504.34375 1090.65 1081.81 1106.57 5640 12769 8545 0
"429" 271.236728443819 5.22499356199713e-09 26265306 167342088.310547 787.971 772.473 793.494 3659 7272 4563 0
"430" 283.207134670681 6.4460408387694e-09 26241824 545483462.671875 1296.02 1272.14 1319.01 3877 7923 5066 0
"431" 328.211824035645 7.79124859132265e-09 26214476 178135633.84375 1235.89 1228.82 1245.62 4678 10364 6865 0
"432" 264.244411302649 3.63473482282737e-08 26104896 187082340.964844 1075.62 1069.43 1088.88 3548 6907 4288 0
"433" 285.109565734863 7.34029239729831e-09 26094946 173487396.960938 1063.24 1058.79 1082.69 3917 8012 5141 0
"434" 259.635176948879 3.37558419336915e-09 26012244 171576993.550781 1090.65 1083.58 1103.03 3461 6611 4042 0
"435" 316.321058273315 1.73458829522133e-09 25955412 166371101 1221.74 1216.44 1229.7 4472 9745 6399 0
"436" 452.11986541748 1.71889753445335e-08 25896202 174177001.054688 1187.26 1181.05 1201.41 6617 14973 9851 0
"437" 158.154009732333 1.49979219808207e-09 25886156 188351402.3125 1263.3 1253.58 1272.14 1407 1553 649 0
"438" 253.164625644684 7.92579451245406e-08 25509716 216973413.945312 773.384 754.115 784.321 3351 6250 3710 0
"439" 338.180908203125 3.84946664174398e-09 25341770 272790777 1017.09 1008.25 1021.51 4852 10827 7242 0
"440" 429.175105882728 3.16060696665949e-08 25298524 160458040.703125 938.254 932.053 951.517 6295 14254 9434 0
"441" 290.249597620081 2.43603206767656e-08 25212654 293044021.921875 1053.34 1049.8 1072.97 4017 8312 5363 0
"442" 401.240876417894 1.98543644868411e-08 25161612 155740058.9375 1119.83 1113.64 1135.75 5865 13321 8885 0
"443" 159.065227508545 2.13428090016047e-10 25096816 92423034 1582.49 1581.61 1584.26 1425 1576 661 0
"444" 638.423499474159 2.57514990293063e-07 25051742 160265502.683594 1362.33 1356.14 1381.78 8941 19093 12094 0
"445" 219.086356885505 3.15952947306814e-09 24777978 416587800.125 911.646 893.745 922.296 2722 4351 2310 0
"446" 311.185292561849 1.44628917469698e-08 24747172 163333784.125 1236.77 1228.82 1243.85 4388 9427 6156 0
"447" 559.441901070731 4.14857394480831e-08 24702874 160966034.632812 1080.04 1072.08 1097.72 8068 17732 11359 0
"448" 442.404954910278 5.61238266527653e-08 24698218 170602925.164062 922.296 916.986 930.271 6479 14683 9695 0
"449" 233.194130897522 1.57383813833197e-08 24687538 161422290.085938 1069.43 1062.36 1075.62 2993 5133 2847 0
"450" 147.06524004255 2.21743470146542e-10 24659178 164511094 810.081 806.436 811.904 1150 1166 488 0
"451" 305.184855143229 7.57475694020589e-09 24600214 158692020.148438 599.615 593.081 611.67 4293 9148 5958 0
"452" 392.209190368652 2.06701871421602e-08 24401694 146575151.796875 739.457 731.247 758.757 5731 13034 8717 0
"453" 203.183601888021 1.56933206251298e-09 24393780 183912489.0625 1245.62 1236.77 1262.42 2413 3522 1779 0
"454" 323.146387939453 2.03090409437815e-08 24381158 201927184.296875 1228.82 1219.09 1240.31 4588 10124 6700 0
"455" 443.251494231047 3.93649621566816e-08 24357714 186286994.992188 1243.85 1236.77 1265.07 6484 14697 9701 0
"456" 236.210472106934 2.04486043556877e-09 24290162 176975681.234375 955.987 949.748 970.229 3057 5324 2990 0
"457" 208.120232173375 3.99230639376338e-09 24282822 200935065.734375 1105.68 1096.84 1120.71 2510 3772 1924 0
"458" 159.065242222377 7.53927798498245e-10 24212746 152281410 1648.81 1645.27 1650.58 1425 1576 662 0
"459" 299.192268703295 1.37342471379065e-08 24198922 169737325.828125 826.529 820.118 839.917 4185 8783 5683 0
"460" 216.195971945058 3.70320359708763e-09 24045538 309206639 960.503 949.748 969.345 2657 4184 2198 0
"461" 322.186041259766 5.02436588972043e-09 23917946 322959618.625 1002.06 976.418 1010.9 4569 10081 6668 0
"462" 579.531010554387 1.07699097731175e-07 23907702 100631388.695312 1158.04 1154.5 1165.14 8306 18113 11559 0
"463" 151.130961826869 4.00760759459971e-10 23722368 324274796.015625 623.822 614.432 652.209 1252 1307 544 0
"464" 156.162539588081 7.82569663392173e-10 23703032 226969068.609375 696.072 688.782 721.038 1365 1473 612 0
"465" 270.191066196987 1.98090833330911e-09 23558248 184152051.357422 773.384 757.83 783.41 3641 7201 4516 0
"466" 413.153771972656 3.36844670145135e-08 23524358 152222094.066406 830.108 823.792 840.816 6046 13730 9121 0
"467" 436.217738296046 1.28709485359264e-08 23422068 307946703.78125 1133.98 1112.76 1141.05 6400 14496 9574 0
"468" 293.110581970215 1.2006708665898e-08 23278802 168692945.125 1235.01 1227.93 1244.73 4081 8459 5441 0
"469" 384.085338134766 3.7243589758873e-08 23244884 156278457.921875 1293.36 1287.17 1308.39 5612 12684 8488 0
"470" 215.091561358908 9.35187747355978e-09 23231868 268319424.25 938.254 924.068 943.559 2632 4101 2133 0
"471" 313.220181551847 1.14338996606472e-08 23207628 197383204.367188 1275.68 1265.95 1284.52 4422 9541 6239 0
"472" 310.215670013428 6.84820593167574e-09 23205182 161609849.953125 570.008 570.008 606.166 4371 9390 6119 0
"473" 366.175955636161 3.64546264920916e-09 23162682 259399279.375 997.639 991.449 1009.13 5352 12007 8033 0
"474" 220.120109889818 3.4159844512996e-08 23129110 160417924.8125 1168.67 1162.48 1181.94 2744 4414 2349 0
"475" 435.309005737305 9.85052723150987e-09 23124558 124077724.054688 1182.83 1178.4 1190.8 6392 14475 9560 0
"476" 318.175629882812 1.35414302349091e-08 23049930 188583390.300781 1273.91 1265.95 1287.17 4496 9849 6485 0
"477" 238.207250258502 9.22420226475772e-09 22787564 144980437.5 917.87 912.542 926.723 3089 5438 3086 0
"478" 294.154663085938 1.32513897759574e-08 22738544 303705775.15625 948.864 924.954 955.987 4099 8514 5486 0
"479" 251.146945351049 4.33527935318082e-09 22709932 141594806.671875 1232.35 1226.16 1244.73 3319 6132 3614 0
"480" 293.092820739746 1.27909803076794e-08 22659548 163332389.351562 1178.4 1170.44 1187.26 4081 8460 5443 0
"481" 336.165281596937 7.49959757453517e-09 22514984 247717899.25 998.523 993.218 1009.13 4820 10752 7167 0
"482" 375.32182598114 6.20596936994022e-08 22500110 270197300.078125 1171.33 1152.73 1191.68 5492 12380 8283 0
"483" 254.202312816273 4.25596273951716e-09 22480276 134392866.082031 797.161 790.724 810.081 3372 6314 3767 0
"484" 129.110167110668 4.42627239673533e-10 22479902 212435651.570312 700.634 693.339 723.836 744 680 247 0
"485" 259.246024802879 2.46150413809339e-08 22429946 172548846.429688 1411.85 1402.12 1425.11 3454 6598 4035 0
"486" 386.082452947443 2.35612516279344e-08 22427616 148303835.40625 1293.36 1287.17 1306.63 5639 12765 8541 0
"487" 249.133237896544 3.94004128986236e-09 22404310 239706167.203125 982.608 968.461 996.754 3282 6021 3538 0
"488" 297.169656926935 1.02344690721272e-08 22364386 159410334.632812 1259.76 1251.81 1271.26 4146 8678 5604 0
"489" 348.111735752651 1.96760372510032e-08 22304174 157261041.015625 1331.38 1324.31 1348.18 5031 11240 7547 0
"490" 245.230555216471 4.76618023479686e-09 22296776 132395180.75 1060.59 1056.05 1072.08 3203 5799 3363 0
"491" 204.110113328503 4.23251060388422e-09 22266418 177059026.609375 1273.03 1265.07 1291.6 2428 3549 1796 0
"492" 240.222895128974 4.92729283318731e-09 22263378 150870171.921875 1299.55 1294.25 1321.66 3120 5550 3160 0
"493" 300.130400085449 1.81828478449269e-08 22198380 129391410.375 1050.69 1041.85 1058.79 4202 8819 5714 0
"494" 290.268856811523 1.26365768282037e-08 22183714 139413689.3125 1061.47 1056.96 1082.69 4017 8311 5361 0
"495" 383.234946695964 1.31006042162577e-08 22181064 119913200.792969 858.781 854.229 867.758 5603 12667 8482 0
"496" 162.099456242153 2.30212838797973e-09 22171926 188548536.695312 1273.91 1264.19 1288.06 1499 1702 723 0
"497" 301.101478978207 1.4470901057037e-08 22160150 150922063.265625 944.443 937.37 953.285 4222 8879 5767 0
"498" 681.451370239258 1.14773253076955e-06 22104842 124852898.628906 1115.41 1101.26 1125.13 9354 19577 12357 0
"499" 319.194451226128 7.76102145512899e-09 22081596 195994200.652344 1228.82 1217.32 1241.2 4510 9915 6540 0
"500" 215.091555913289 2.18616164140943e-09 22015374 236439353.5 950.633 946.212 987.029 2632 4101 2134 0
"501" 350.180952914926 8.44172234023e-09 21986306 321298432.40625 1071.2 1055.14 1092.42 5073 11343 7609 0
"502" 236.112860717773 3.55221952001254e-09 21947492 353163695 912.542 901.758 923.181 3053 5290 2959 0
"503" 611.35544720818 6.88904786811155e-08 21922688 140516616.9375 1274.8 1268.61 1282.75 8639 18671 11868 0
"504" 246.139718514902 2.04220997896629e-08 21868264 133121816.351562 1375.59 1368.52 1393.28 3217 5827 3386 0
"505" 565.295121042352 2.72534395519056e-08 21866948 141893436.078125 1259.76 1253.58 1269.49 8137 17850 11417 0
"506" 523.467952728271 9.21233246723811e-08 21819402 104808334.003906 1075.62 1071.2 1085.35 7591 16902 10925 0
"507" 310.149635314941 5.76703594281123e-09 21810806 265538055.4375 978.186 957.81 992.334 4369 9367 6100 0
"508" 204.169769832066 1.12935181253802e-09 21802860 171448084.292969 747.655 739.457 764.267 2432 3568 1814 0
"509" 374.289976574126 1.94690766788664e-07 21750500 120259031.058594 1149.19 1128.67 1164.25 5476 12333 8249 0
"510" 736.475493459991 7.66295036583236e-08 21676836 204938081.867188 1031.24 1017.97 1046.27 9786 20061 12568 0
"511" 711.432182617188 1.57803297042847e-07 21656136 163834660.777344 1282.75 1275.68 1297.79 9594 19860 12479 0
"512" 244.263577052525 1.00360241728825e-08 21599174 132278038.5 1150.96 1146.52 1158.04 3187 5744 3324 0
"513" 333.167101773349 4.30766928505588e-08 21586110 150142484.09375 1268.61 1261.53 1280.1 4767 10616 7064 0
"514" 811.922496795654 5.27398961205636e-08 21425354 186611815.921875 655.851 648.535 677.05 10189 20407 12719 0
"515" 461.246477912454 1.42095172229935e-08 21273134 127171676.796875 992.334 987.029 1001.18 6741 15257 10015 0
"516" 400.247141911433 3.51624420055976e-08 21228346 131641648.992188 1119.83 1113.64 1135.75 5847 13287 8864 0
"517" 259.190476190476 4.99366294770014e-09 21152412 139893088.5625 1373.82 1366.75 1384.43 3451 6586 4019 0
"518" 322.149666526101 3.03183799182182e-09 21108030 230557055.5 994.986 981.724 1000.29 4568 10079 6665 0
"519" 305.287846883138 1.49576049862486e-09 21101672 112502522.25 1181.05 1177.52 1187.26 4298 9167 5976 0
"520" 233.102010266534 1.96701750673097e-09 21053662 276980448.5 865.072 848.848 873.982 2989 5102 2830 0
"521" 346.258587065197 1.65447237945738e-07 20916894 117392057.339844 1066.78 1061.47 1084.46 5005 11173 7493 0
"522" 352.160235595703 6.96848420535817e-09 20807380 265168184 1021.51 1001.18 1031.24 5105 11416 7654 0
"523" 324.16527781767 2.12286763331469e-09 20802866 212406543.5 982.608 977.302 991.449 4606 10173 6738 0
"524" 262.218414306641 1.15964681871476e-08 20625400 272471892.59375 922.296 915.215 942.675 3508 6780 4195 0
"525" 366.175958970014 2.8213595642763e-09 20507724 217064412.5 986.145 973.766 987.913 5352 12007 8034 0
"526" 366.175979178292 6.26568784232901e-09 20499492 248652156.5625 1091.54 1076.5 1106.57 5352 12007 8035 0
"527" 319.259111192491 7.72809590956177e-09 20469944 372318632.015625 986.145 962.271 1001.18 4514 9939 6566 0
"528" 329.215162658691 1.36732859046836e-08 20444076 133066201.203125 1268.61 1262.42 1279.22 4694 10412 6896 0
"529" 549.46439906529 3.40597970145089e-08 20381876 93255833.6445312 1076.5 1072.08 1083.58 7948 17503 11214 0
"530" 364.106278268914 1.72158518032721e-08 20313652 127105192.671875 1319.01 1312.82 1328.73 5317 11918 7974 0
"531" 236.11291773179 1.89859693979516e-09 20257216 216198310 885.715 879.385 893.745 3053 5290 2960 0
"532" 793.400561523438 2.80948976675669e-07 20240906 133743112.386719 1273.91 1265.95 1287.17 10111 20347 12689 0
"533" 295.190461658296 8.42625186556861e-09 20221214 157483992.5625 1325.19 1314.58 1332.27 4115 8563 5517 0
"534" 352.196624755859 1.94247279848371e-08 20182152 159215906.5 1069.43 1057.88 1076.5 5106 11420 7659 0
"535" 377.272709239613 1.63465254492574e-08 20102932 137446165.695312 847.959 842.612 861.494 5526 12456 8343 0
"536" 175.096505059136 1.22882839706209e-09 20076910 152893951 915.215 914.326 921.407 1802 2226 990 0
"537" 186.185289916992 3.15640742580096e-09 20018288 188453740.640625 955.987 948.864 970.229 2059 2714 1261 0
"538" 149.023412068685 3.49245965480804e-10 19897870 96449876.125 1364.1 1356.14 1365.87 1191 1211 505 0
"539" 231.122790632577 1.06998870672264e-08 19895740 270125185.0625 1041.85 1029.47 1054.23 2953 4995 2741 0
"540" 210.060887654622 5.43271501859029e-10 19846878 58185978 570.92 570.008 571.831 2547 3845 1964 0
"541" 210.060900878906 2.79396772384644e-10 19826086 97448302 573.656 572.742 576.406 2547 3845 1965 0
"542" 179.091413544446 1.43417997694597e-09 19814326 224834089.25 982.608 960.503 995.87 1899 2415 1082 0
"543" 728.361211362092 3.18990865714936e-07 19783962 140218043.140625 1324.31 1317.24 1336.69 9727 19988 12538 0
"544" 244.055662790934 6.36521861820981e-08 19749966 137307379.351562 1246.5 1230.59 1258 3171 5711 3291 0
"545" 244.263647896903 3.17263734209669e-08 19736342 176417280.75 1166.02 1158.93 1170.44 3187 5744 3325 0
"546" 243.056071354793 4.39154414030222e-09 19719254 147897800.257812 1204.06 1196.1 1218.21 3155 5669 3260 0
"547" 273.20598771837 2.49165745954665e-09 19620142 204026912.078125 1403 1394.16 1425.11 3688 7360 4608 0
"548" 280.139076819787 2.57474871782156e-09 19603222 315244447.5 860.592 843.511 865.967 3817 7745 4915 0
"549" 280.162423706055 2.95082205220273e-09 19466994 163844008.5 1371.17 1367.64 1384.43 3818 7747 4916 0
"550" 216.195924758911 2.09167964108612e-09 19434828 151169032.625 1289.83 1282.75 1303.09 2657 4184 2199 0
"551" 173.173000833263 1.92522413645808e-09 19404930 130601001.03125 1293.36 1287.17 1306.63 1760 2154 959 0
"552" 318.227546105018 1.84951111292228e-08 19372066 98098217.375 950.633 946.212 958.721 4497 9864 6498 0
"553" 201.204244995117 1.59100939830144e-09 19334774 124175265.742188 1374.71 1368.52 1389.74 2363 3407 1703 0
"554" 235.203522949219 1.50160243113836e-08 19240678 146215965.445312 955.076 950.633 974.65 3041 5271 2945 0
"555" 383.167124872622 1.96939753920664e-08 19205080 127272477.265625 1241.2 1234.12 1256.23 5601 12649 8467 0
"556" 203.091357984041 1.26400875036272e-09 19198884 272855704.375 976.418 960.503 993.218 2407 3479 1753 0
"557" 133.038563376979 2.5054961866878e-10 19109218 243620941.34375 630.32 620.999 654.94 826 773 293 0
"558" 137.059751238142 1.46104308663222e-09 19105246 166550841.46875 1272.14 1265.07 1288.94 918 891 344 0
"559" 200.164515177409 3.77902044699742e-09 19014664 152885394.3125 1095.07 1083.58 1106.57 2342 3342 1652 0
"560" 188.164560953776 1.17657085259755e-08 19011124 136133539.226562 1166.91 1154.5 1177.52 2098 2798 1304 0
"561" 297.182802946671 1.14225057273985e-08 18999580 116591344.804688 693.339 687.87 707.976 4146 8679 5606 0
"562" 299.185355808424 9.75495977364039e-09 18969060 146025335.34375 1190.8 1183.72 1203.18 4185 8784 5685 0
"563" 308.17038668119 6.54313808832413e-09 18948000 170143899.5 948.864 944.443 955.076 4338 9288 6052 0
"564" 267.171949906783 4.23328443007036e-09 18941654 141421127.8125 1358.79 1349.95 1370.29 3594 7050 4413 0
"565" 246.246616363525 2.12234086715258e-09 18935766 206641439.621094 733.988 719.167 755.044 3220 5870 3426 0
"566" 240.131108036748 6.05028005916509e-09 18870396 154234730.1875 1273.03 1265.95 1288.94 3116 5525 3138 0
"567" 263.112521522924 2.90922386039202e-09 18751868 349787697 856.051 829.212 862.391 3529 6817 4218 0
"568" 394.170837402344 3.37604433298111e-09 18711784 186838440.75 1031.24 1025.93 1040.08 5764 13097 8752 0
"569" 252.144147872925 8.10478409023388e-09 18688506 174182788.5 927.607 921.407 941.791 3335 6187 3655 0
"570" 409.162090483166 6.8430034887223e-09 18640230 155169514.941406 1227.05 1219.09 1236.77 5995 13607 9045 0
"571" 321.186185455322 3.9348378777504e-09 18621142 127224485.019531 570.008 570.008 606.166 4549 10037 6634 0
"572" 347.290452287004 6.91220343291939e-09 18596740 244986976.355469 1095.07 1079.16 1110.99 5022 11226 7535 0
"573" 398.232569231306 1.35033947079122e-08 18529770 174380281.3125 1433.07 1421.57 1451.64 5818 13220 8819 0
"574" 240.065270883066 3.98067433779736e-09 18519990 141529304.230469 1204.06 1196.1 1219.09 3115 5510 3130 0
"575" 235.117648731578 4.25596273951716e-09 18492024 152942347.5625 1122.48 1097.72 1133.09 3037 5242 2922 0
"576" 269.051254272461 1.03660251783288e-08 18417526 142414997.539062 1038.31 1030.35 1050.69 3621 7125 4469 0
"577" 234.141851196289 7.39004462957382e-09 18404612 131950088.40625 1253.58 1246.5 1267.72 3011 5170 2873 0
"578" 336.165268670945 4.90053069023859e-09 18387256 204061125 1020.63 1010.02 1027.7 4820 10752 7168 0
"579" 231.214850930607 4.71824451404459e-09 18342620 121985805.53125 1341.11 1334.04 1348.18 2958 5020 2764 0
"580" 289.172546386719 6.64073487986689e-09 18316352 135519945.007812 1303.97 1296.9 1317.24 3994 8232 5307 0
"581" 315.252995954241 6.27194883442726e-09 18310572 203984985.75 1513.53 1499.38 1529.44 4455 9646 6327 0
"582" 791.383419036865 2.80871366461118e-07 18286658 110805386.910156 1227.05 1220.86 1234.12 10101 20337 12681 0
"583" 422.202084350586 8.4364979431547e-09 18279748 226830738.625 1094.19 1079.16 1104.8 6191 14027 9287 0
"584" 794.895774841309 5.23343201606504e-08 18273000 159553218.132812 655.851 648.535 677.05 10116 20353 12692 0
"585" 234.133655323702 7.43003671660143e-10 18227638 156253239.75 908.044 895.517 916.102 3011 5171 2874 0
"586" 141.112285907452 1.88700281656705e-09 18129550 134951183.78125 993.218 986.145 1008.25 1017 1005 398 0
"587" 235.19155328924 2.22952979983705e-09 18081614 120611658.960938 1302.21 1296.02 1314.58 3040 5267 2939 0
"588" 461.458150227865 2.15615286971584e-08 18071802 87710067.65625 1283.64 1279.22 1288.94 6748 15272 10022 0
"589" 161.096124985639 6.67676110478009e-10 18064100 134436123.375 1340.23 1334.92 1349.07 1476 1665 713 0
"590" 238.143760681152 8.36964892713647e-09 18059248 139918192.4375 1273.03 1265.95 1282.75 3084 5414 3061 0
"591" 262.081729888916 8.44770313605018e-09 17981496 134322182.390625 873.096 865.967 886.612 3503 6749 4165 0
"592" 368.161190326397 1.29138621000143e-08 17955494 129389659.015625 1397.7 1391.51 1413.61 5383 12072 8067 0
"593" 811.922521417791 7.93519087168045e-08 17923944 148023426.929688 639.418 628.492 647.609 10189 20407 12720 0
"594" 297.042344835069 8.24190043156443e-09 17806554 131139644.78125 796.246 788.889 804.591 4142 8659 5594 0
"595" 219.208954620361 4.56464476883411e-08 17718472 143349443.40625 922.296 916.102 932.944 2728 4393 2343 0
"596" 794.895795549665 5.92853341783796e-08 17707606 142896156.0625 638.509 629.407 647.609 10116 20353 12693 0
"597" 205.002442169189 4.15357614034101e-09 17666830 132196853.171875 936.486 928.492 945.328 2444 3586 1829 0
"598" 255.031822967529 5.20744115898484e-09 17631822 135255390.433594 898.185 891.082 908.044 3379 6327 3779 0
"599" 230.111924307687 1.48525482023155e-09 17459312 121028614.625 1241.2 1237.66 1249.15 2932 4933 2696 0
"600" 308.170311279297 1.5466163555781e-08 17426116 203070235.25 939.138 922.296 943.559 4338 9288 6053 0
"601" 331.002128199527 4.84723445267705e-09 17400978 160585406.875 1246.5 1237.66 1254.46 4721 10479 6958 0
"602" 293.179053566673 1.58707849133066e-08 17381066 133666814.570312 1303.97 1291.6 1314.58 4082 8474 5454 0
"603" 407.142930167062 2.50754907490715e-08 17376982 121748115.125 1204.06 1196.99 1222.63 5961 13546 9002 0
"604" 220.215575584999 1.11103201141724e-08 17374494 146129807.265625 922.296 915.215 937.37 2753 4454 2374 0
"605" 299.042832946777 1.07322672480031e-08 17334680 116055518.421875 1316.35 1309.28 1326.08 4179 8760 5669 0
"606" 545.506042480469 1.34855508804321e-07 17307874 75904461.390625 1156.27 1153.61 1162.48 7896 17413 11166 0
"607" 217.199360723081 3.2182164460774e-08 17245942 127367609.25 927.607 918.754 939.138 2681 4246 2239 0
"608" 266.123469034831 3.61731086952099e-09 17201244 236247475.25 790.724 781.587 802.725 3572 6988 4354 0
"609" 476.383035513071 1.82204903700413e-08 17198990 86805867.96875 1187.26 1182.83 1193.45 6953 15701 10260 0
"610" 316.211799953295 1.44962383353192e-08 17168546 128918930.871094 1191.68 1180.17 1202.29 4468 9728 6386 0
"611" 114.091394864596 8.74010416177603e-11 17141246 268385034.25 750.401 739.457 762.443 388 300 100 0
"612" 558.302404785156 1.40149342386346e-07 16990828 117541686.289062 1150.96 1142.87 1164.25 8050 17685 11324 0
"613" 136.021612661856 1.83146839637702e-09 16969740 229214344 1055.14 1045.38 1070.31 894 856 330 0
"614" 314.072781982422 4.04287129640579e-08 16969472 139789884.601562 957.81 948.864 970.229 4431 9565 6263 0
"615" 246.169105224609 5.02800103276968e-07 16962124 122686025.25 1150.96 1139.28 1181.05 3217 5828 3387 0
"616" 424.217720314308 5.34382810619822e-09 16927274 162371502.75 1096.84 1095.96 1118.95 6222 14086 9329 0
"617" 283.242849910961 2.06808395245496e-09 16886504 109646231.21875 908.947 903.55 917.87 3879 7932 5079 0
"618" 364.182535271896 2.59789981340107e-08 16787932 114871634.65625 1325.19 1318.12 1334.04 5319 11921 7976 0
"619" 587.516504923503 3.8029005130132e-07 16770080 72982860.1640625 1158.93 1153.61 1163.37 8381 18251 11646 0
"620" 257.221116638184 1.48496933673557e-08 16734484 102019428.867188 917.87 912.542 929.38 3423 6483 3932 0
"621" 238.148454938616 8.55153692620141e-09 16719650 114869388.015625 1253.58 1248.27 1265.95 3084 5415 3063 0
"622" 424.217727661133 5.49480319023132e-09 16713067 94015310 1095.07 1090.65 1095.07 6222 14086 9330 0
"623" 450.321414086127 2.83342375550219e-08 16689874 164743925.804688 1485.23 1473.74 1502.03 6593 14937 9831 0
"624" 310.186022949219 2.56113708019257e-09 16526976 155739339.15625 1122.48 1104.8 1137.51 4370 9378 6108 0
"625" 171.149190266927 7.76102145512899e-11 16489158 120571120.8125 1403.89 1402.12 1419.8 1706 2059 912 0
"626" 247.117582378965 1.6221857742604e-08 16487112 240658410.125 945.328 928.492 956.898 3238 5899 3441 0
"627" 424.217703683036 3.34457381741031e-08 16485559 104828240.3125 1085.35 1074.74 1086.23 6222 14086 9331 0
"628" 298.121012878418 2.3849210456798e-08 16310530 94513443.703125 1050.69 1041.85 1059.7 4164 8723 5639 0
"629" 396.206609389361 2.16806417002397e-08 16310467 97695267.2734375 1111.87 1105.68 1124.25 5793 13158 8787 0
"630" 352.16017190004 5.43460028695996e-09 16300261 278594997.25 916.102 888.405 922.296 5105 11416 7655 0
"631" 235.11758518219 9.82448303451141e-09 16285787 113504891.375 927.607 924.068 943.559 3037 5242 2923 0
"632" 387.180253092448 1.27002425577449e-08 16193856 164279892.59375 1259.76 1250.04 1275.68 5658 12817 8580 0
"633" 322.149710083008 1.09792583518558e-08 16175422 121166591.5 1003.83 1001.18 1009.13 4568 10079 6666 0
"634" 404.398233266977 2.536063010876e-08 16113452 83792243.0390625 1170.44 1166.02 1176.63 5920 13457 8951 0
"635" 324.165291164232 1.22949304316826e-08 16066649 222019396.6875 970.229 955.987 975.534 4606 10173 6739 0
"636" 434.315370832171 1.18155155208085e-08 16025793 80366865.515625 1182.83 1178.4 1189.91 6378 14443 9542 0
"637" 302.268888585708 5.75913445037954e-09 16001337 93026510.71875 1187.26 1181.05 1195.22 4243 8978 5846 0
"638" 350.180931939019 7.18274926827624e-09 15997091 139960890 1043.62 1036.54 1051.57 5073 11343 7610 0
"639" 205.086033907804 1.22815644715255e-09 15933120 138479726 1371.17 1359.68 1378.25 2450 3599 1833 0
"640" 293.174653625488 1.83789157553723e-08 15862910 105430273.851562 1236.77 1227.93 1244.73 4082 8473 5452 0
"641" 340.190778008823 9.54720333879217e-09 15830753 127869083.839844 773.384 763.355 788.889 4888 10914 7301 0
"642" 408.186491995147 1.47547601073077e-08 15823057 187976868.875 1093.3 1077.39 1105.68 5976 13582 9022 0
"643" 266.038066864014 7.03047313120054e-09 15788178 108203288.902344 840.816 835.466 856.051 3568 6974 4346 0
"644" 364.196600552263 5.54664528428627e-09 15785157 186804225.75 1111.87 1091.54 1116.29 5319 11922 7977 0
"645" 380.191562155019 1.39171986476235e-08 15766279 307681786.140625 1033.01 1015.32 1055.14 5566 12552 8399 0
"646" 280.16242980957 1.08654300371806e-09 15725539 80748369.125 1364.98 1358.79 1366.75 3818 7747 4917 0
"647" 135.080435501902 4.99700855093393e-10 15706630 110808851.796875 1226.16 1218.21 1235.89 878 837 323 0
"648" 605.527287801107 2.96301688208724e-07 15688002 57638082.453125 1158.93 1154.5 1164.25 8584 18585 11815 0
"649" 246.135031449167 7.53636030774368e-09 15668011 92682526.703125 1241.2 1235.89 1251.81 3217 5829 3389 0
"650" 163.132884724935 1.66888723428222e-09 15657345 134930646.03125 1034.77 1027.7 1053.34 1530 1756 748 0
"651" 380.155179977417 5.16358282296888e-09 15560026 202649432.25 983.492 972.882 1000.29 5564 12544 8395 0
"652" 379.135808608111 2.41253634586054e-08 15491689 90658027.296875 1319.01 1312.82 1326.96 5558 12517 8383 0
"653" 249.170488739014 5.69644678187998e-08 15434128 115149667.566406 1149.19 1139.28 1157.15 3284 6039 3549 0
"654" 247.239782480093 2.21786113121571e-08 15392060 61281174.40625 1056.05 1050.69 1071.2 3242 5936 3472 0
"655" 319.138781095806 8.62154172875031e-09 15356013 153018173 999.407 993.218 1009.13 4509 9898 6533 0
"656" 222.120618286133 6.33842622240384e-09 15269045 130010529.304688 1273.91 1263.3 1285.41 2790 4535 2419 0
"657" 215.09154510498 2.91038304567337e-09 15260776 29390368 945.328 944.443 945.328 2632 4101 2135 0
"658" 283.104344120732 1.63843786274945e-08 15259585 125107960.230469 786.145 777.941 802.725 3873 7904 5054 0
"659" 267.180162556966 8.90751165905218e-09 15255713 199163293.84375 860.592 841.715 867.758 3594 7051 4414 0
"660" 246.155913132888 2.46413625203646e-08 15163160 129978069.46875 1120.71 1111.87 1133.98 3217 5830 3390 0
"661" 165.043151092529 2.12472887375416e-09 15161923 234883179.347656 660.406 644.863 680.757 1569 1800 776 0
"662" 275.271041870117 4.65661287307739e-10 15146904 25130959 1146.52 1146.52 1147.42 3736 7505 4737 0
"663" 174.185314941406 1.59359640545315e-09 15113060 130350729 959.619 958.721 966.693 1786 2192 977 0
"664" 262.193610451438 5.75928267462429e-09 15076174 112537958.703125 1189.91 1181.94 1200.52 3506 6769 4186 0
"665" 247.16503179641 9.49062052227202e-09 14962301 115882258.597656 1117.18 1110.99 1128.67 3240 5919 3455 0
"666" 378.21235148112 2.64549600905266e-09 14865011 147497985.679688 1124.25 1115.41 1140.17 5540 12487 8361 0
"667" 133.101188396585 6.75552951291277e-10 14830554 161008475.3125 1039.19 1024.16 1048.92 832 791 304 0
"668" 494.259166717529 1.3509238867656e-08 14803618 102445694.15625 979.955 972.882 993.218 7193 16148 10523 0
"669" 318.26685108858 9.22420226475772e-09 14795496 95274065.90625 1027.7 1022.4 1036.54 4500 9872 6509 0
"670" 204.195897069471 2.23024229844803e-09 14773553 91905808.9902344 823.792 813.727 840.816 2435 3574 1819 0
"671" 261.133398691813 1.3684705439685e-08 14766296 180387495.875 1049.8 1035.66 1061.47 3489 6687 4107 0
"672" 241.153057098389 8.87559036965723e-09 14762976 138457037.957031 682.534 667.769 696.072 3132 5592 3193 0
"673" 144.073665771484 2.57665912310282e-10 14733878 204294552.75 902.654 890.192 911.646 1082 1076 434 0
"674" 300.289733886719 1.33046082087926e-08 14599816 91124597.1171875 1212.02 1208.48 1229.7 4210 8854 5745 0
"675" 336.165243214574 2.53475725357168e-09 14566978 172033015.375 987.029 966.693 991.449 4820 10752 7169 0
"676" 394.207210146148 3.30780086846187e-09 14555721 240671981.875 1033.89 1010.9 1035.66 5764 13096 8750 0
"677" 166.058010448109 2.77028148953533e-09 14552469 121393458.578125 1273.91 1266.84 1285.41 1588 1845 798 0
"678" 752.506317138672 5.02104344575301e-08 14528319 99011216.8164062 1090.65 1080.92 1101.26 9894 20163 12618 0
"679" 279.159141031901 1.39254899252029e-09 14495591 154905038.5 1381.78 1381.78 1394.16 3804 7708 4881 0
"680" 228.077607154846 1.49778012807171e-08 14485810 82413624.3671875 949.748 943.559 962.271 2893 4840 2622 0
"681" 302.268955078125 1.29081308841705e-08 14417251 110389402.054688 1329.62 1324.31 1345.53 4243 8978 5847 0
"682" 259.090818859282 4.04903576487587e-09 14392505 103813856.347656 849.737 842.612 860.592 3447 6545 3985 0
"683" 274.21418094635 9.15362409526302e-10 14384968 100844103.15625 570.008 570.008 598.683 3710 7403 4650 0
"684" 233.102016139675 1.05612818990742e-09 14383180 213983632.375 988.797 968.461 1000.29 2989 5102 2831 0
"685" 174.131687927246 1.09430402517319e-09 14340452 138708924.015625 700.634 693.339 720.104 1781 2185 971 0
"686" 366.212340134841 8.00794133773217e-09 14322882 138536832.796875 1126.02 1118.95 1141.05 5353 12009 8036 0
"687" 327.939920043945 1.31463533953617e-08 14283896 84122270.1953125 1362.33 1356.14 1372.94 4669 10338 6850 0
"688" 263.112528483073 3.25962901115417e-09 14275933 102706134 863.285 863.285 870.438 3529 6817 4219 0
"689" 606.400065104167 1.44496108546402e-07 14268298 66155776.828125 1277.45 1271.26 1280.99 8593 18598 11822 0
"690" 308.170378251509 4.2111100830557e-09 14136930 107223774.75 1113.64 1103.92 1122.48 4338 9288 6054 0
"691" 238.164892578125 1.47084737646169e-09 14082152 108855289.070312 782.499 774.296 800.858 3085 5429 3073 0
"692" 181.049539666427 1.11785940608086e-09 14080328 113637003.75 1372.06 1366.75 1382.67 1936 2468 1116 0
"693" 169.122332255046 8.638354315274e-10 13975702 175635222.25 1038.31 1029.47 1049.8 1661 1976 853 0
"694" 133.085944923195 8.10012914933958e-10 13972402 218260736.0625 608.93 599.615 633.049 831 787 300 0
"695" 249.203923842486 3.53012343539911e-08 13910209 77959639.796875 916.986 912.542 929.38 3285 6048 3561 0
"696" 301.140985559534 5.30402799617191e-09 13841106 160211658.265625 1371.17 1357.91 1380.9 4222 8880 5768 0
"697" 282.101098102072 1.43048202567421e-08 13795576 100676255.023438 1246.5 1238.54 1258 3856 7848 5006 0
"698" 247.154045336174 3.55243118423404e-09 13731617 197571134.09375 1094.19 1078.27 1106.57 3240 5920 3456 0
"699" 195.137986990122 1.99911972651115e-09 13710712 102030672.234375 1254.46 1245.62 1267.72 2238 3109 1499 0
"700" 514.247882843018 3.28182553251584e-07 13686220 84055926.875 1243.85 1222.63 1253.58 7453 16646 10781 0
"701" 281.102931976318 3.82307916879654e-08 13664214 90411149.03125 1064.12 1059.7 1072.97 3839 7786 4946 0
"702" 215.091498480903 2.21835863259104e-09 13639654 106225100 1584.26 1580.73 1587.8 2632 4102 2136 0
"703" 316.044238003817 6.0898820301155e-09 13634328 110024151.625 1226.16 1219.09 1237.66 4463 9694 6359 0
"704" 394.207187428194 1.41889733426711e-08 13629118 126935837.453125 1043.62 1039.19 1053.34 5764 13096 8751 0
"705" 203.106609344482 1.44354999065399e-09 13580380 94246162.8125 1340.23 1334.92 1348.18 2409 3494 1758 0
"706" 266.060548262163 3.41283359052815e-09 13563271 104688107.773438 1038.31 1030.35 1048.92 3569 6975 4347 0
"707" 191.091396398712 6.17672271447672e-10 13358949 294239749 783.41 738.545 789.806 2155 2906 1362 0
"708" 192.064172653925 1.59433555035364e-09 13329632 105886079.359375 988.797 980.84 998.523 2170 2942 1392 0
"709" 329.936928643121 5.01879387431675e-09 13324630 81541452.1015625 1362.33 1357.02 1372.06 4701 10433 6917 0
"710" 318.300247995477 4.66042530466939e-08 13306772 89737882.03125 1146.52 1141.05 1165.14 4501 9879 6520 0
"711" 410.202077765214 2.79941405469214e-09 13297085 162903949.75 1044.5 1032.12 1048.04 6008 13640 9065 0
"712" 258.152622767857 4.77635434695653e-09 13251661 100530435.296875 1303.97 1296.9 1314.58 3431 6505 3947 0
"713" 238.040340647978 2.98399861682864e-09 13227072 88940840.15625 936.486 930.271 944.443 3081 5399 3050 0
"714" 379.238814581008 1.95076600426719e-07 13197482 99226810.4257812 1207.6 1201.41 1219.09 5560 12536 8390 0
"715" 239.154655819847 1.48690083906764e-08 13197228 101769308.25 1242.97 1236.77 1254.46 3102 5481 3109 0
"716" 217.107136119496 7.49291344122453e-10 13196911 126982609 779.764 775.207 784.321 2674 4228 2217 0
"717" 260.258462657099 3.69510513991706e-08 13157639 82110293.859375 1163.37 1150.96 1175.75 3480 6667 4091 0
"718" 351.10250051398 1.42639404849002e-08 13128609 94256004.984375 1332.27 1324.31 1340.23 5086 11373 7628 0
"719" 163.039002554757 1.09123373097116e-09 13107441 95340868.5 1372.06 1366.75 1378.25 1522 1724 732 0
"720" 354.175874710083 2.00505989293257e-08 13098399 115351263.4375 1047.15 1041.85 1055.14 5137 11491 7708 0
"721" 363.112477620443 1.22715445125804e-08 13025827 84551952.3125 1319.01 1312.82 1327.85 5302 11877 7954 0
"722" 423.276223076714 2.35356780049068e-08 13021701 80252679.171875 1323.43 1316.35 1334.04 6211 14067 9315 0
"723" 207.086406860352 1.31677608100735e-09 12968267 198876620.375 837.244 804.591 849.737 2489 3719 1892 0
"724" 294.118277157054 3.23223717072431e-09 12960000 153747733 859.688 852.419 866.862 4097 8506 5476 0
"725" 217.107129414876 3.18201879660288e-10 12953786 75293167 896.404 893.745 898.185 2674 4228 2218 0
"726" 396.222858428955 5.32406071821849e-09 12941965 86337640.375 1175.75 1169.56 1182.83 5793 13159 8788 0
"727" 312.160713195801 5.12227416038513e-09 12923622 99663811.859375 1303.97 1296.02 1316.35 4405 9465 6192 0
"728" 394.170860739315 6.11522837596781e-09 12892919 95683763.875 1023.28 1010.02 1024.16 5764 13097 8753 0
"729" 705.362092517671 2.12944689251128e-07 12879764 95564581.984375 1281.87 1276.56 1294.25 9547 19805 12446 0
"730" 179.08546375093 8.50940566687357e-09 12868000 99269139.53125 1253.58 1236.77 1262.42 1898 2399 1072 0
"731" 315.140827794229 3.79078330532197e-08 12840649 135325592.554688 1004.71 983.492 1018.86 4455 9647 6328 0
"732" 263.11253122183 2.09905780278719e-09 12791669 185830385.5 891.972 883.92 907.143 3529 6817 4220 0
"733" 516.306498209635 1.50962954475766e-07 12789598 68203943.046875 1009.13 1004.71 1017.09 7487 16712 10816 0
"734" 125.123236685088 9.66820428430131e-10 12706061 148946393.972656 686.964 677.05 706.128 676 606 212 0
"735" 276.25332514445 8.86612342319627e-09 12700578 76828415.2265625 1121.6 1114.52 1134.86 3760 7564 4772 0
"736" 163.096499739022 4.88600266978071e-10 12694465 163320345.09375 782.499 775.207 803.661 1527 1747 740 0
"737" 198.099452678974 2.78572910107099e-09 12642912 86958492.9570312 1302.21 1290.71 1316.35 2299 3237 1563 0
"738" 177.054647965865 7.02019667986668e-10 12641641 94109716.40625 1188.14 1179.28 1198.75 1853 2313 1032 0
"739" 284.206739425659 3.54127898331611e-09 12627273 167507434.53125 860.592 839.917 867.758 3898 7981 5115 0
"740" 350.10883955522 2.18840646537351e-08 12622180 93769778.703125 1331.38 1324.31 1342.88 5071 11334 7604 0
"741" 317.101742699033 1.29365140483493e-08 12596099 96498512.46875 967.577 961.387 979.071 4481 9762 6409 0
"742" 248.246787109375 1.08863847951094e-08 12542511 87883518.2109375 1056.96 1050.69 1082.69 3269 5997 3523 0
"743" 223.09649256656 1.54811954289152e-09 12526899 95671323 1188.14 1181.05 1196.99 2810 4591 2455 0
"744" 213.152642440796 4.33288872815095e-09 12518790 175581299.595703 610.756 596.818 633.049 2599 4010 2075 0
"745" 227.183364868164 4.5790026585261e-09 12492578 77381701.0859375 1329.62 1324.31 1340.23 2883 4823 2607 0
"746" 258.128509521484 1.30385160446167e-08 12477671 80928166.59375 1051.57 1045.38 1061.47 3431 6506 3949 0
"747" 315.037721053414 2.41702135372539e-08 12470185 97775476.9101562 1226.16 1218.21 1237.66 4452 9627 6312 0
"748" 229.179867393092 1.69653205843697e-09 12469526 87041267.3125 1199.64 1193.45 1209.37 2920 4905 2678 0
"749" 259.087870279948 6.77570916604305e-09 12430098 92689193.9765625 850.626 843.511 865.072 3447 6546 3986 0
"750" 220.190771193731 5.50589036373865e-09 12373687 77388297.5234375 872.212 866.862 884.818 2750 4450 2369 0
