  70.065 454569.9 3
  78.0334 160392.5 1
  80.0494 14365987.5 115
  82.065 352108.2 2
  84.0807 21553065.2 172
  91.0541 243012.2 1
  92.0494 1173136.6 9
  93.0571 190301.4 1
  94.065 1842197.3 14
  103.054 194746.7 1
  105.0698 991130.4 7
  106.065 43816128.6 351
  110.0598 348436.9 2
  115.0541 3367681.5 27
  117.0571 43503063 349
  118.0649 392125 3
  119.0726 230767.3 1
  120.0806 21877380.1 175
  130.065 116905175 937
  131.073 880898.8 7
  132.0806 124509966.1 999
  134.0962 389380.4 3
  146.0961 136376.5 1
  163.1227 38578752.8 309
